204 119 5
119 204 5
204 31 65
31 204 65
204 194 65
194 204 65
204 352 65
352 204 65
204 424 65
424 204 65
204 456 65
456 204 65
204 493 65
493 204 65
204 81 65
81 204 65
204 267 65
267 204 65
204 96 65
96 204 65
204 116 65
116 204 52
190 10 91
10 190 91
190 338 91
338 190 91
190 251 91
251 190 91
190 329 91
329 190 91
190 151 91
151 190 91
190 300 91
300 190 91
190 356 91
356 190 91
190 398 91
398 190 91
190 9 91
9 190 91
190 275 91
275 190 91
190 279 91
279 190 91
190 104 91
104 190 91
190 37 28
37 190 28
190 149 28
149 190 28
190 209 28
209 190 28
190 78 28
78 190 28
190 368 28
368 190 28
190 178 28
178 190 28
190 126 28
126 190 28
190 322 28
322 190 28
190 375 28
375 190 28
190 394 28
394 190 28
190 492 28
492 190 28
190 289 28
289 190 28
190 401 28
401 190 28
190 434 28
434 190 28
190 11 45
11 190 84
190 462 84
462 190 84
190 142 84
142 190 84
190 163 84
163 190 84
190 138 84
138 190 84
190 197 84
197 190 84
190 454 84
454 190 84
190 36 84
36 190 84
190 68 84
68 190 84
190 177 84
177 190 84
190 486 84
486 190 84
190 125 84
125 190 84
190 229 84
229 190 84
190 418 84
418 190 84
190 327 84
327 190 84
190 90 84
90 190 84
190 343 84
343 190 84
190 216 84
216 190 84
190 346 84
346 190 84
190 371 84
371 190 84
190 429 84
429 190 84
190 158 84
158 190 84
190 204 84
204 190 84
190 444 24
444 190 24
190 496 24
496 190 24
190 414 24
414 190 24
190 378 24
378 190 24
190 484 24
484 190 24
190 331 24
331 190 24
190 26 24
26 190 82
190 431 82
431 190 82
190 256 82
256 190 82
190 468 82
468 190 82
190 157 82
157 190 82
190 437 82
437 190 82
190 400 82
400 190 82
190 159 82
159 190 16
190 305 20
305 190 20
190 143 20
143 190 20
190 207 20
207 190 20
190 0 20
0 190 20
190 390 63
390 190 63
190 5 63
5 190 63
190 93 63
93 190 63
190 271 63
271 190 63
190 111 63
111 190 63
190 185 63
185 190 63
190 58 63
58 190 63
190 306 63
306 190 63
190 8 63
8 190 63
190 231 63
231 190 63
190 51 63
51 190 63
190 46 63
46 190 63
190 287 63
287 190 63
190 359 63
359 190 63
190 334 63
334 190 63
190 292 63
292 190 63
190 313 63
313 190 63
190 478 63
478 190 63
190 364 63
364 190 63
190 57 63
57 190 63
190 131 63
131 190 63
190 182 63
182 190 63
190 280 63
280 190 63
190 25 63
25 190 63
190 488 63
488 190 63
190 260 63
260 190 63
190 438 63
438 190 63
190 95 63
95 190 63
190 326 63
326 190 63
190 227 63
227 190 63
190 384 63
384 190 63
190 386 63
386 190 63
190 323 63
323 190 63
190 298 63
298 190 63
190 409 63
409 190 63
190 232 63
232 190 63
190 381 63
381 190 63
190 448 63
448 190 63
190 28 63
28 190 63
190 217 63
217 190 63
190 124 63
124 190 63
190 354 63
354 190 63
190 3 63
3 190 63
190 169 63
169 190 63
190 467 63
467 190 63
190 495 63
495 190 63
190 360 63
360 190 63
190 174 63
174 190 63
190 52 63
52 190 63
190 86 63
86 190 63
190 405 63
405 190 63
190 107 63
107 190 63
190 312 63
312 190 63
190 144 63
144 190 63
190 208 63
208 190 63
190 119 63
119 190 63
190 13 63
13 190 63
190 481 63
481 190 63
190 168 63
168 190 63
190 189 63
189 190 63
190 164 63
164 190 21
190 291 21
291 190 21
190 69 21
69 190 21
190 344 21
344 190 21
190 224 21
224 190 21
190 299 21
299 190 21
190 184 21
184 190 21
190 465 21
465 190 21
190 250 21
250 190 21
190 141 21
141 190 21
190 253 21
253 190 21
190 179 21
179 190 21
190 31 21
31 190 21
190 413 21
413 190 21
190 435 21
435 190 21
190 211 21
211 190 21
190 349 21
349 190 21
190 464 21
464 190 21
190 170 21
170 190 21
190 83 21
83 190 21
190 320 21
320 190 21
190 4 21
4 190 21
190 243 21
243 190 21
190 161 21
161 190 21
190 393 21
393 190 21
190 47 21
47 190 21
190 252 21
252 190 21
190 132 21
132 190 21
190 333 21
333 190 21
190 461 21
461 190 21
190 155 21
155 190 21
190 62 21
62 190 21
190 293 21
293 190 21
190 499 21
499 190 21
190 309 21
309 190 21
190 372 21
372 190 21
190 314 21
314 190 21
190 284 21
284 190 21
190 442 21
442 190 21
190 411 21
411 190 21
190 342 21
342 190 21
190 396 21
396 190 21
190 210 21
210 190 21
190 451 21
451 190 21
190 257 21
257 190 21
190 297 21
297 190 21
190 235 21
235 190 21
190 219 21
219 190 21
190 422 21
422 190 21
190 493 21
493 190 21
190 102 21
102 190 21
190 443 21
443 190 21
190 145 21
145 190 21
190 425 21
425 190 21
190 426 88
426 190 22
321 100 22
100 321 22
321 128 22
128 321 22
321 435 22
435 321 22
321 53 22
53 321 22
321 16 22
16 321 22
321 356 22
356 321 22
321 105 22
105 321 22
321 294 22
294 321 22
321 460 22
460 321 22
321 136 22
136 321 22
321 351 22
351 321 22
321 147 22
147 321 22
321 122 20
122 321 11
321 222 11
222 321 11
321 444 11
444 321 11
321 150 11
150 321 11
321 426 11
426 321 11
321 380 11
380 321 11
321 103 11
103 321 11
321 200 11
200 321 11
321 262 11
262 321 11
321 394 11
394 321 11
321 197 100
197 321 11
321 448 82
448 321 82
321 218 82
218 321 82
321 396 82
396 321 82
321 93 82
93 321 82
321 433 82
433 321 82
321 22 82
22 321 82
321 481 82
481 321 82
321 421 82
421 321 82
321 472 82
472 321 82
321 243 82
243 321 82
321 357 40
357 321 90
321 494 90
494 321 90
321 220 90
220 321 90
321 480 90
480 321 90
321 395 90
395 321 90
321 102 90
102 321 90
321 227 90
227 321 97
321 246 97
246 321 97
321 42 79
42 321 79
321 339 79
339 321 79
321 375 79
375 321 79
321 162 79
162 321 79
321 203 79
203 321 79
321 17 79
17 321 79
321 112 79
112 321 79
321 63 52
63 321 52
321 56 52
56 321 52
321 215 52
215 321 52
321 166 52
166 321 52
321 30 52
30 321 52
321 440 52
440 321 52
321 24 52
24 321 52
321 407 52
407 321 52
321 231 52
231 321 52
321 111 52
111 321 52
321 191 52
191 321 52
321 104 52
104 321 52
321 485 72
485 321 79
321 52 77
52 321 77
321 54 77
54 321 77
321 434 77
434 321 77
321 265 77
265 321 77
321 83 77
83 321 77
321 464 77
464 321 77
321 462 77
462 321 77
321 143 77
143 321 77
321 55 77
55 321 77
321 272 77
272 321 65
321 282 53
282 321 53
321 139 53
139 321 53
321 416 53
416 321 53
321 271 53
271 321 53
321 226 53
226 321 53
321 330 53
330 321 53
321 146 53
146 321 53
321 206 53
206 321 53
321 64 53
64 321 53
321 274 53
274 321 53
321 436 36
436 321 93
321 400 93
400 321 93
321 213 93
213 321 93
321 32 93
32 321 93
321 74 93
74 321 93
321 39 93
39 321 93
321 153 93
153 321 93
321 107 93
107 321 93
321 130 93
130 321 93
321 427 93
427 321 93
321 244 93
244 321 93
321 273 93
273 321 82
321 149 75
149 321 75
321 75 75
75 321 75
321 14 75
14 321 75
321 313 75
313 321 75
321 40 75
40 321 75
321 316 75
316 321 75
321 228 75
228 321 75
321 362 75
362 321 75
321 340 75
340 321 75
321 257 75
257 321 75
321 204 75
204 321 75
321 298 34
298 321 34
321 365 34
365 321 34
321 72 34
72 321 34
321 31 34
31 321 34
321 345 34
345 321 34
321 96 34
96 321 34
321 386 34
386 321 34
321 315 34
315 321 34
321 473 34
473 321 34
321 465 34
465 321 34
321 387 34
387 321 34
321 346 34
346 321 47
321 377 98
377 321 98
321 374 98
374 321 98
321 338 98
338 321 98
321 446 98
446 321 98
321 352 98
352 321 98
321 248 98
248 321 98
321 292 98
292 321 98
321 174 98
174 321 98
321 65 98
65 321 98
321 152 98
152 321 98
321 108 98
108 321 98
321 124 98
124 321 98
321 383 98
383 321 98
321 79 98
79 321 98
321 401 98
401 321 98
321 33 78
33 321 78
321 194 22
194 321 22
321 28 22
28 321 22
321 305 22
305 321 22
321 317 22
317 321 22
321 381 22
381 321 22
321 310 22
310 321 22
321 431 22
431 321 22
321 59 22
59 321 22
321 15 22
15 321 22
321 157 22
157 321 22
321 418 86
418 321 86
321 27 86
27 321 86
321 483 86
483 321 86
321 390 86
390 321 86
321 409 86
409 321 86
321 186 86
186 321 86
321 368 86
368 321 86
321 127 86
127 321 86
321 94 86
94 321 86
321 443 86
443 321 86
321 319 86
319 321 86
321 399 86
399 321 86
321 329 86
329 321 86
321 289 86
289 321 86
321 447 86
447 321 86
321 106 77
106 321 35
321 119 35
119 321 35
321 116 35
116 321 35
321 36 35
36 321 35
321 328 35
328 321 35
321 449 35
449 321 35
321 307 35
307 321 35
321 259 95
259 321 49
321 240 49
240 321 49
321 309 49
309 321 49
321 281 49
281 321 49
321 354 49
354 321 49
321 238 49
238 321 49
321 158 49
158 321 49
321 296 49
296 321 49
321 411 49
411 321 49
321 192 49
192 321 49
321 382 49
382 321 49
321 196 49
196 321 49
321 369 92
369 321 62
321 95 62
95 321 62
321 129 62
129 321 62
321 343 62
343 321 62
321 109 62
109 321 62
321 249 62
249 321 62
321 125 62
125 321 62
321 77 62
77 321 62
321 484 62
484 321 62
321 184 62
184 321 62
321 60 62
60 321 62
321 496 89
496 321 89
321 458 89
458 321 89
321 454 89
454 321 89
321 388 89
388 321 89
321 182 89
182 321 89
321 253 89
253 321 89
321 18 89
18 321 89
321 457 79
457 321 79
321 35 79
35 321 79
321 384 79
384 321 79
321 322 79
322 321 79
321 479 79
479 321 79
321 468 79
468 321 79
321 408 79
408 321 79
321 437 79
437 321 79
321 176 79
176 321 79
321 251 79
251 321 79
321 293 79
293 321 79
321 455 79
455 321 79
321 332 79
332 321 79
321 92 79
92 321 79
321 361 79
361 321 79
321 364 98
364 321 98
97 261 98
261 97 98
97 469 98
469 97 98
97 310 98
310 97 98
97 372 98
372 97 98
97 243 98
243 97 98
97 17 98
17 97 98
97 281 98
281 97 98
97 127 98
127 97 98
97 148 98
148 97 98
97 436 98
436 97 98
97 84 98
84 97 98
97 190 98
190 97 98
97 346 98
346 97 98
97 147 98
147 97 98
97 400 8
400 97 8
97 11 8
11 97 36
97 41 36
41 97 36
97 441 97
441 97 97
97 118 97
118 97 97
97 455 97
455 97 97
97 55 97
55 97 97
97 24 97
24 97 97
97 467 97
467 97 97
97 492 97
492 97 97
97 208 97
208 97 97
97 221 97
221 97 97
97 142 97
142 97 97
97 81 97
81 97 97
97 155 97
155 97 97
97 463 97
463 97 97
97 135 97
135 97 97
97 333 14
333 97 14
97 337 14
337 97 14
97 184 14
184 97 14
97 73 14
73 97 14
97 19 14
19 97 14
97 26 14
26 97 14
97 100 14
100 97 14
97 248 14
248 97 14
97 472 14
472 97 14
97 290 14
290 97 14
97 202 14
202 97 14
97 216 14
216 97 14
97 338 14
338 97 14
97 76 14
76 97 14
97 438 14
438 97 14
97 198 99
198 97 99
198 408 99
408 198 99
198 266 99
266 198 99
198 498 99
498 198 99
198 134 99
134 198 99
198 205 99
205 198 99
198 239 99
239 198 99
198 268 99
268 198 99
198 320 99
320 198 99
198 427 99
427 198 99
198 119 99
119 198 99
198 433 54
433 198 10
198 286 10
286 198 10
198 448 10
448 198 10
198 260 10
260 198 10
198 344 10
344 198 10
198 310 10
310 198 10
198 278 10
278 198 10
198 368 10
368 198 10
198 192 10
192 198 10
198 386 10
386 198 10
198 55 10
55 198 10
198 333 10
333 198 10
198 337 10
337 198 10
198 188 10
188 198 10
198 27 10
27 198 10
198 241 22
241 198 22
121 257 22
257 121 22
121 240 22
240 121 22
121 146 22
146 121 22
121 49 22
49 121 22
121 26 22
26 121 22
121 155 22
155 121 22
121 6 22
6 121 22
121 167 22
167 121 22
121 207 22
207 121 22
7 45 8
45 7 8
7 22 8
22 7 8
7 498 8
498 7 8
7 37 8
37 7 8
7 472 31
472 7 31
7 204 31
204 7 31
7 404 31
404 7 31
7 2 31
2 7 31
7 56 31
56 7 31
7 116 31
116 7 31
7 244 31
244 7 31
7 497 31
497 7 31
7 440 31
440 7 31
7 135 31
135 7 31
7 132 31
132 7 31
7 492 31
492 7 31
7 289 31
289 7 31
7 76 31
76 7 31
7 409 31
409 7 17
7 452 17
452 7 17
7 342 17
342 7 17
7 130 17
130 7 17
7 361 17
361 7 17
7 107 17
107 7 17
7 410 17
410 7 17
7 337 17
337 7 17
7 445 17
445 7 17
7 291 17
291 7 17
7 431 17
431 7 17
7 428 17
428 7 17
7 341 17
341 7 17
7 233 17
233 7 17
7 163 17
163 7 17
7 211 80
211 7 80
7 240 80
240 7 80
7 391 80
391 7 80
7 226 80
226 7 80
7 288 80
288 7 80
7 140 80
140 7 80
7 322 80
322 7 80
7 400 80
400 7 80
7 429 80
429 7 80
7 461 80
461 7 80
7 52 80
52 7 80
7 255 80
255 7 80
7 136 80
136 7 80
7 242 80
242 7 4
7 137 4
137 7 91
7 99 91
99 7 91
7 157 91
157 7 91
7 229 91
229 7 91
7 395 91
395 7 91
7 236 91
236 7 91
7 316 91
316 7 91
7 216 91
216 7 91
7 16 91
16 7 91
7 284 91
284 7 91
7 104 91
104 7 91
7 58 91
58 7 91
7 214 91
214 7 91
7 166 91
166 7 91
7 481 20
481 7 29
7 168 29
168 7 29
7 10 29
10 7 29
7 314 29
314 7 29
7 228 29
228 7 29
7 399 29
399 7 29
7 485 29
485 7 29
7 131 29
131 7 29
7 496 29
496 7 29
7 235 29
235 7 29
7 0 29
0 7 29
7 451 29
451 7 29
7 257 29
257 7 29
7 64 29
64 7 29
7 43 29
43 7 29
7 293 38
293 7 38
7 294 38
294 7 38
7 192 38
192 7 38
7 422 38
422 7 38
7 84 38
84 7 38
7 271 38
271 7 38
7 83 38
83 7 38
7 125 38
125 7 38
7 4 38
4 7 38
7 319 38
319 7 38
7 173 38
173 7 38
7 175 38
175 7 38
7 425 38
425 7 38
7 47 38
47 7 38
7 281 100
281 7 100
7 67 53
67 7 53
7 384 53
384 7 53
7 450 53
450 7 53
7 345 53
345 7 90
7 243 90
243 7 90
7 213 90
213 7 90
7 277 90
277 7 90
7 471 90
471 7 90
7 362 90
362 7 90
7 81 86
81 7 86
7 413 69
413 7 69
7 44 69
44 7 69
7 292 69
292 7 69
7 317 69
317 7 69
7 297 69
297 7 69
7 389 69
389 7 69
7 295 69
295 7 69
7 159 69
159 7 69
7 178 69
178 7 69
7 23 69
23 7 69
7 371 69
371 7 69
7 411 53
411 7 47
7 466 47
466 7 47
7 357 47
357 7 47
7 152 47
152 7 47
7 444 47
444 7 47
7 328 47
328 7 47
7 390 47
390 7 47
7 245 47
245 7 47
7 474 47
474 7 47
7 179 47
179 7 47
7 462 47
462 7 47
7 419 47
419 7 47
7 296 27
296 7 40
7 80 40
80 7 40
7 133 40
133 7 40
7 143 40
143 7 40
7 363 40
363 7 40
7 66 40
66 7 40
7 17 40
17 7 40
7 482 40
482 7 40
7 239 40
239 7 40
7 73 40
73 7 40
7 252 40
252 7 40
7 65 40
65 7 40
7 300 65
300 7 65
7 486 65
486 7 65
7 417 65
417 7 65
7 8 65
8 7 65
7 101 65
101 7 65
7 72 65
72 7 65
7 279 65
279 7 65
7 113 65
113 7 65
7 434 65
434 7 65
7 134 65
134 7 65
7 93 65
93 7 65
7 198 65
198 7 65
7 373 42
373 7 42
7 270 42
270 7 42
7 414 42
414 7 42
7 432 42
432 7 42
7 170 42
170 7 42
7 477 42
477 7 42
7 215 42
215 7 42
7 251 42
251 7 42
7 439 42
439 7 42
7 158 42
158 7 42
7 275 42
275 7 42
7 180 42
180 7 42
7 349 33
349 7 33
7 174 33
174 7 33
7 183 33
183 7 33
7 1 33
1 7 33
7 264 33
264 7 33
7 106 33
106 7 33
7 165 33
165 7 33
7 78 33
78 7 33
7 480 33
480 7 33
7 21 33
21 7 44
446 64 47
64 446 47
446 350 47
350 446 47
446 389 47
389 446 47
446 257 47
257 446 47
446 36 47
36 446 47
446 300 47
300 446 47
446 132 47
132 446 87
446 72 44
72 446 44
446 157 44
157 446 44
446 248 44
248 446 44
446 414 44
414 446 44
446 214 44
214 446 44
446 219 44
219 446 44
446 493 44
493 446 44
446 102 44
102 446 44
446 115 44
115 446 44
446 98 44
98 446 44
446 123 44
123 446 44
446 255 44
255 446 44
446 61 44
61 446 44
446 122 44
122 446 44
446 305 15
305 446 15
446 438 93
438 446 93
446 152 93
152 446 93
446 383 93
383 446 93
446 222 93
222 446 93
446 252 93
252 446 93
446 57 93
57 446 93
446 238 93
238 446 93
446 371 93
371 446 93
446 45 93
45 446 93
446 363 93
363 446 93
446 404 93
404 446 93
446 264 93
264 446 93
446 28 93
28 446 93
446 308 93
308 446 93
446 179 75
179 446 75
274 112 75
112 274 75
274 105 75
105 274 75
274 354 75
354 274 75
274 384 75
384 274 75
274 224 75
224 274 75
274 409 75
409 274 75
274 462 75
462 274 75
274 416 75
416 274 75
274 298 75
298 274 75
274 144 75
144 274 75
274 482 75
482 274 75
274 338 75
338 274 75
274 248 75
248 274 75
274 243 18
243 274 18
458 405 59
405 458 59
458 242 59
242 458 59
458 86 59
86 458 59
458 8 59
8 458 59
458 81 59
81 458 59
458 379 59
379 458 59
458 478 59
478 458 59
458 450 59
450 458 59
458 373 59
373 458 59
458 325 59
325 458 59
458 382 59
382 458 59
458 121 59
121 458 59
458 119 59
119 458 98
115 132 16
132 115 16
115 497 16
497 115 16
115 462 16
462 115 16
115 50 16
50 115 16
115 282 16
282 115 16
115 181 16
181 115 16
447 388 48
388 447 48
254 307 55
307 254 55
254 132 55
132 254 55
254 258 55
258 254 55
254 207 55
207 254 55
254 9 55
9 254 55
254 188 55
188 254 55
254 274 55
274 254 46
254 86 46
86 254 46
254 374 46
374 254 46
254 465 46
465 254 46
254 398 46
398 254 46
254 201 46
201 254 46
254 414 46
414 254 46
254 62 46
62 254 46
254 184 46
184 254 46
254 317 46
317 254 46
254 486 46
486 254 46
254 231 46
231 254 46
254 87 46
87 254 46
254 89 46
89 254 46
254 272 98
272 254 98
254 63 42
63 254 42
254 347 42
347 254 42
254 377 42
377 254 42
254 253 42
253 254 42
254 80 42
80 254 42
254 459 42
459 254 42
254 489 42
489 254 42
254 275 42
275 254 42
254 417 42
417 254 42
254 22 42
22 254 42
254 196 42
196 254 42
254 47 42
47 254 42
254 179 42
179 254 42
254 405 4
405 254 4
254 223 4
223 254 4
254 426 79
426 254 79
254 413 79
413 254 79
254 232 79
232 254 79
254 388 79
388 254 79
254 392 79
392 254 79
254 251 79
251 254 79
254 478 79
478 254 79
254 75 79
75 254 79
254 56 79
56 254 79
254 433 79
433 254 79
254 204 79
204 254 26
254 18 26
18 254 26
254 17 9
17 254 9
254 341 9
341 254 9
254 425 9
425 254 9
254 198 9
198 254 9
254 292 9
292 254 9
254 314 9
314 254 9
254 389 9
389 254 9
254 142 9
142 254 9
254 192 9
192 254 9
254 167 9
167 254 9
254 193 9
193 254 9
254 395 9
395 254 9
254 397 9
397 254 9
254 330 9
330 254 9
254 449 43
449 254 43
254 444 43
444 254 43
254 120 43
120 254 43
254 15 43
15 254 43
254 229 43
229 254 43
254 372 43
372 254 43
254 293 65
293 254 65
254 448 65
448 254 65
254 138 65
138 254 65
254 473 65
473 254 65
254 29 65
29 254 65
254 402 65
402 254 65
254 186 65
186 254 65
254 492 53
492 254 35
134 51 35
51 134 35
134 334 35
334 134 35
134 152 35
152 134 35
134 84 35
84 134 35
134 213 35
213 134 35
134 113 35
113 134 35
134 372 35
372 134 35
134 66 35
66 134 35
134 284 35
284 134 35
134 102 35
102 134 35
134 109 35
109 134 35
134 388 35
388 134 35
134 20 35
20 134 35
134 99 35
99 134 35
134 209 35
209 134 35
134 430 35
430 134 35
134 358 35
358 134 35
134 78 35
78 134 35
134 179 64
179 134 64
134 153 64
153 134 64
134 10 64
10 134 64
134 351 64
351 134 64
134 256 64
256 134 64
134 311 64
311 134 64
134 111 64
111 134 64
134 246 64
246 134 64
134 304 64
304 134 64
134 381 64
381 134 64
134 62 64
62 134 64
134 455 64
455 134 64
134 145 64
145 134 64
134 228 64
228 134 64
134 298 64
298 134 64
134 454 64
454 134 64
134 297 64
297 134 64
134 422 64
422 134 64
134 429 64
429 134 64
134 374 98
374 134 98
134 289 98
289 134 98
134 495 98
495 134 98
134 448 98
448 134 98
134 235 98
235 134 98
134 449 98
449 134 98
134 181 98
181 134 98
134 24 98
24 134 98
134 72 98
72 134 98
134 420 98
420 134 98
134 166 98
166 134 98
134 399 98
399 134 98
134 187 50
187 134 50
134 340 50
340 134 50
134 367 50
367 134 50
134 279 50
279 134 50
134 91 50
91 134 49
134 30 49
30 134 49
134 427 49
427 134 49
134 315 49
315 134 49
134 238 49
238 134 49
134 242 49
242 134 49
134 371 49
371 134 49
134 171 49
171 134 49
134 190 49
190 134 49
134 472 49
472 134 49
134 58 49
58 134 49
134 8 49
8 134 49
134 316 3
316 134 3
134 264 3
264 134 3
134 85 3
85 134 3
134 456 3
456 134 3
134 40 3
40 134 3
134 28 3
28 134 3
134 95 3
95 134 3
134 415 3
415 134 3
134 180 3
180 134 3
134 65 3
65 134 3
134 265 3
265 134 3
134 460 3
460 134 3
134 338 3
338 134 3
134 98 3
98 134 40
174 27 75
27 174 75
174 379 75
379 174 75
174 272 75
272 174 75
174 226 75
226 174 75
174 259 75
259 174 75
174 391 75
391 174 75
174 136 75
136 174 75
174 21 75
21 174 75
174 61 75
61 174 75
174 276 75
276 174 75
174 182 75
182 174 75
174 306 75
306 174 75
174 159 75
159 174 75
174 271 79
271 174 11
174 166 11
166 174 11
174 280 11
280 174 11
174 74 11
74 174 11
174 83 11
83 174 11
174 330 11
330 174 11
174 331 11
331 174 11
174 108 11
108 174 11
174 198 11
198 174 11
174 113 11
113 174 11
174 388 11
388 174 11
174 33 11
33 174 11
174 86 11
86 174 11
174 65 11
65 174 11
174 450 34
450 174 34
174 10 34
10 174 34
174 281 34
281 174 34
174 404 34
404 174 34
174 427 34
427 174 34
174 394 34
394 174 34
174 344 34
344 174 34
174 318 34
318 174 34
174 363 34
363 174 34
174 15 34
15 174 34
174 327 34
327 174 34
174 336 34
336 174 34
174 82 34
82 174 34
174 119 34
119 174 34
174 483 34
483 174 3
174 34 3
34 174 3
174 406 3
406 174 3
174 304 3
304 174 3
174 359 3
359 174 3
174 171 3
171 174 3
174 366 3
366 174 3
174 49 3
49 174 3
174 349 3
349 174 3
174 377 3
377 174 3
174 248 3
248 174 3
174 100 3
100 174 3
174 39 3
39 174 3
174 194 3
194 174 3
174 186 3
186 174 3
174 142 3
142 174 3
174 189 3
189 174 3
174 453 3
453 174 3
174 58 3
58 174 3
174 144 3
144 174 3
174 335 3
335 174 3
174 260 3
260 174 3
174 60 3
60 174 3
174 371 3
371 174 3
174 313 3
313 174 3
174 40 3
40 174 3
174 185 3
185 174 3
174 390 3
390 174 3
174 283 3
283 174 3
174 17 3
17 174 3
174 240 3
240 174 3
174 93 3
93 174 3
174 217 3
217 174 3
174 262 3
262 174 3
174 386 3
386 174 3
174 221 3
221 174 3
174 439 3
439 174 3
174 175 3
175 174 3
174 101 3
101 174 3
174 148 93
148 174 36
174 195 36
195 174 36
174 250 36
250 174 36
174 199 36
199 174 36
174 177 36
177 174 36
174 358 36
358 174 36
174 383 36
383 174 36
174 367 67
367 174 78
177 411 78
411 177 78
444 120 47
120 444 47
444 37 47
37 444 47
444 475 47
475 444 47
444 440 47
440 444 47
444 38 47
38 444 47
444 363 47
363 444 47
444 24 47
24 444 47
444 123 47
123 444 47
444 261 47
261 444 47
444 48 47
48 444 42
444 316 42
316 444 94
444 437 73
437 444 73
444 81 73
81 444 73
444 370 73
370 444 73
444 425 73
425 444 73
444 366 73
366 444 73
444 307 73
307 444 73
444 373 73
373 444 73
444 177 73
177 444 73
444 343 73
343 444 73
444 497 73
497 444 73
444 255 73
255 444 73
444 247 73
247 444 73
444 102 73
102 444 73
444 436 73
436 444 73
444 385 73
385 444 73
444 74 2
74 444 92
444 33 92
33 444 92
444 79 92
79 444 92
444 305 92
305 444 92
444 225 92
225 444 92
444 334 92
334 444 92
444 136 92
136 444 92
444 127 92
127 444 92
444 306 92
306 444 92
444 186 92
186 444 92
444 259 92
259 444 92
444 29 92
29 444 92
444 498 92
498 444 92
444 166 92
166 444 92
444 35 92
35 444 92
444 58 17
58 444 19
444 94 19
94 444 19
444 278 19
278 444 19
444 340 19
340 444 19
444 297 19
297 444 19
444 180 19
180 444 19
444 2 19
2 444 19
444 293 19
293 444 19
444 77 19
77 444 19
444 374 19
374 444 19
444 203 19
203 444 19
444 98 19
98 444 30
444 45 30
45 444 30
444 218 30
218 444 30
444 217 30
217 444 30
444 209 30
209 444 30
444 361 30
361 444 30
444 241 92
241 444 92
444 109 92
109 444 92
444 489 92
489 444 92
444 303 92
303 444 92
444 78 92
78 444 92
444 355 92
355 444 92
444 168 92
168 444 92
444 62 92
62 444 92
444 72 92
72 444 92
444 240 92
240 444 92
444 107 92
107 444 92
444 205 92
205 444 92
444 84 92
84 444 73
444 164 40
164 444 40
444 448 40
448 444 40
444 459 40
459 444 40
444 73 40
73 444 40
444 476 40
476 444 40
444 360 40
360 444 40
444 407 40
407 444 40
444 314 40
314 444 40
444 272 40
272 444 40
444 474 40
474 444 40
444 133 40
133 444 40
444 424 40
424 444 40
444 67 40
67 444 40
444 233 16
233 444 16
444 469 16
469 444 16
444 382 16
382 444 16
444 63 16
63 444 16
444 158 16
158 444 16
444 285 16
285 444 16
444 80 16
80 444 16
444 167 16
167 444 16
444 184 16
184 444 16
444 264 16
264 444 16
444 31 16
31 444 16
444 149 16
149 444 16
444 231 16
231 444 16
444 420 16
420 444 16
444 369 16
369 444 16
444 206 16
206 444 16
444 83 16
83 444 16
444 244 36
244 444 67
444 119 67
119 444 67
444 146 67
146 444 67
444 224 67
224 444 67
444 389 67
389 444 67
444 169 15
169 444 15
444 345 7
345 444 7
444 432 7
432 444 7
444 118 7
118 444 7
444 71 7
71 444 7
444 487 7
487 444 7
444 40 7
40 444 7
444 421 7
421 444 7
444 378 8
378 444 8
444 174 8
174 444 8
444 358 8
358 444 8
444 338 8
338 444 8
444 230 8
230 444 8
444 147 8
147 444 8
444 215 8
215 444 8
444 46 8
46 444 8
444 286 8
286 444 8
444 21 8
21 444 8
444 419 8
419 444 8
444 86 8
86 444 8
444 142 8
142 444 8
444 232 27
232 444 27
51 476 52
476 51 52
51 406 52
406 51 52
51 168 52
168 51 52
51 323 52
323 51 52
51 435 52
435 51 52
51 68 52
68 51 52
51 286 52
286 51 52
51 154 52
154 51 52
51 238 52
238 51 52
51 101 52
101 51 52
51 314 52
314 51 52
51 440 52
440 51 52
51 46 52
46 51 52
51 207 52
207 51 52
51 483 52
483 51 52
51 447 52
447 51 52
51 352 85
352 51 85
184 357 85
357 184 85
184 59 85
59 184 85
184 204 85
204 184 85
184 382 85
382 184 85
184 187 85
187 184 85
184 221 85
221 184 85
184 73 85
73 184 85
184 348 85
348 184 85
184 137 85
137 184 85
184 44 85
44 184 85
184 169 85
169 184 85
184 111 59
111 184 59
184 30 59
30 184 59
184 446 59
446 184 59
184 478 59
478 184 59
184 166 59
166 184 59
184 46 59
46 184 59
184 154 59
154 184 79
184 230 79
230 184 79
184 347 79
347 184 79
184 433 79
433 184 79
184 82 79
82 184 79
184 390 79
390 184 79
184 450 79
450 184 79
184 361 79
361 184 79
184 224 79
224 184 79
184 130 79
130 184 79
184 192 79
192 184 69
232 84 33
84 232 33
232 118 33
118 232 33
232 80 33
80 232 33
232 24 33
24 232 33
232 0 33
0 232 33
232 61 33
61 232 33
232 261 33
261 232 33
232 147 33
147 232 33
232 279 33
279 232 33
232 205 33
205 232 33
232 482 33
482 232 33
232 169 33
169 232 33
232 318 33
318 232 52
232 35 52
35 232 52
232 82 52
82 232 52
232 145 52
145 232 52
232 308 52
308 232 52
232 148 52
148 232 52
232 252 52
252 232 52
232 202 52
202 232 52
232 79 52
79 232 52
232 475 52
475 232 52
232 471 52
471 232 52
232 159 52
159 232 52
232 115 52
115 232 52
232 433 79
433 232 79
232 353 79
353 232 79
232 291 79
291 232 79
232 74 79
74 232 79
232 239 79
239 232 79
232 289 79
289 232 79
232 244 79
244 232 79
232 125 79
125 232 79
232 452 79
452 232 79
232 249 79
249 232 79
232 21 79
21 232 79
232 310 79
310 232 79
232 107 50
107 232 33
232 457 33
457 232 33
232 253 33
253 232 33
232 381 33
381 232 33
232 481 33
481 232 33
232 194 33
194 232 33
232 151 33
151 232 33
232 488 33
488 232 33
232 351 33
351 232 33
232 372 33
372 232 33
232 196 33
196 232 33
232 463 33
463 232 68
232 81 68
81 232 68
232 59 68
59 232 68
232 94 68
94 232 68
232 284 68
284 232 68
232 228 68
228 232 68
232 41 68
41 232 68
232 340 68
340 232 68
232 216 68
216 232 68
232 294 68
294 232 68
232 168 68
168 232 68
232 462 68
462 232 68
232 300 68
300 232 68
232 272 68
272 232 68
232 2 68
2 232 68
232 113 68
113 232 68
232 220 68
220 232 68
232 431 68
431 232 68
232 385 68
385 232 68
232 181 68
181 232 68
232 450 68
450 232 68
232 328 68
328 232 68
232 410 68
410 232 68
232 348 68
348 232 68
232 251 68
251 232 68
232 258 73
258 232 73
232 396 89
396 232 89
232 333 89
333 232 89
232 128 89
128 232 89
232 429 89
429 232 89
232 374 89
374 232 89
232 86 89
86 232 89
232 215 89
215 232 89
232 403 89
403 232 89
232 286 89
286 232 89
232 5 89
5 232 89
232 208 89
208 232 89
232 43 89
43 232 89
232 156 89
156 232 89
232 193 89
193 232 89
232 316 89
316 232 89
232 150 89
150 232 89
232 379 89
379 232 89
232 132 89
132 232 89
232 83 89
83 232 89
232 390 89
390 232 89
232 195 89
195 232 89
232 174 89
174 232 89
232 487 89
487 232 89
232 301 89
301 232 85
232 46 85
46 232 85
232 114 85
114 232 85
232 486 85
486 232 85
232 276 85
276 232 85
232 91 85
91 232 85
232 62 85
62 232 85
232 321 85
321 232 85
232 451 85
451 232 85
232 106 85
106 232 85
232 407 85
407 232 85
232 465 85
465 232 85
232 416 85
416 232 85
232 386 85
386 232 85
232 499 85
499 232 85
232 392 85
392 232 85
232 188 85
188 232 85
232 29 85
29 232 85
232 45 85
45 232 85
232 373 85
373 232 85
232 146 85
146 232 85
232 9 85
9 232 85
232 96 85
96 232 85
232 48 85
48 232 85
232 13 85
13 232 85
232 135 85
135 232 85
232 52 85
52 232 85
232 421 85
421 232 85
232 388 85
388 232 85
232 103 85
103 232 85
232 223 85
223 232 85
232 389 85
389 232 85
232 273 85
273 232 85
232 17 85
17 232 85
232 302 85
302 232 85
232 265 85
265 232 85
232 73 85
73 232 85
232 411 85
411 232 85
232 423 85
423 232 85
232 290 85
290 232 85
232 172 85
172 232 85
232 246 85
246 232 85
232 187 85
187 232 85
232 173 85
173 232 85
232 371 85
371 232 85
232 476 85
476 232 85
232 162 85
162 232 85
232 110 85
110 232 85
232 322 27
322 232 27
232 36 27
36 232 27
232 69 27
69 232 27
232 238 27
238 232 27
232 356 27
356 232 27
232 260 27
260 232 27
232 278 27
278 232 27
232 245 27
245 232 27
232 8 27
8 232 27
232 418 27
418 232 27
232 315 27
315 232 27
232 38 27
38 232 27
232 470 27
470 232 27
232 459 27
459 232 27
232 375 27
375 232 27
232 85 27
85 232 27
232 456 27
456 232 27
232 382 27
382 232 27
232 235 27
235 232 27
232 409 27
409 232 27
232 297 27
297 232 27
232 287 27
287 232 27
232 292 27
292 232 27
232 206 27
206 232 27
232 454 27
454 232 27
232 448 27
448 232 27
232 120 27
120 232 27
232 378 27
378 232 27
232 171 27
171 232 27
232 434 27
434 232 27
232 102 27
102 232 27
232 136 27
136 232 27
232 484 27
484 232 27
232 104 27
104 232 27
232 469 27
469 232 27
232 47 27
47 232 27
232 326 21
326 232 21
232 176 21
176 232 21
232 209 21
209 232 21
232 90 21
90 232 21
232 384 21
384 232 21
232 144 21
144 232 21
232 430 21
430 232 21
232 306 21
306 232 21
232 317 21
317 232 94
232 26 94
26 232 94
232 492 94
492 232 94
232 262 94
262 232 94
232 88 94
88 232 94
232 230 94
230 232 94
232 441 94
441 232 94
232 491 94
491 232 94
232 130 94
130 232 66
365 413 66
413 365 66
365 238 66
238 365 66
365 133 66
133 365 66
365 120 66
120 365 66
365 225 66
225 365 66
365 473 66
473 365 66
365 387 66
387 365 66
365 495 66
495 365 66
365 319 66
319 365 66
365 195 56
195 365 56
365 161 56
161 365 56
365 476 56
476 365 56
365 190 56
190 365 63
19 481 20
481 19 20
19 420 20
420 19 20
19 225 20
225 19 20
19 438 20
438 19 20
19 107 20
107 19 20
19 274 20
274 19 20
19 487 20
487 19 20
19 291 20
291 19 20
19 233 20
233 19 20
19 360 66
360 19 66
19 63 7
63 19 7
19 248 7
248 19 7
19 269 7
269 19 7
19 195 7
195 19 7
19 101 7
101 19 7
19 53 7
53 19 7
19 128 7
128 19 7
19 392 7
392 19 7
19 423 7
423 19 7
19 295 7
295 19 7
19 77 7
77 19 7
19 350 7
350 19 28
19 144 29
144 19 29
28 311 29
311 28 29
28 29 29
29 28 29
28 156 29
156 28 29
28 289 29
289 28 29
28 26 29
26 28 29
28 468 29
468 28 29
28 212 29
212 28 29
28 358 29
358 28 29
28 6 20
6 28 20
419 91 20
91 419 20
390 170 91
170 390 91
390 67 91
67 390 91
390 11 91
11 390 91
390 103 91
103 390 91
390 446 91
446 390 91
390 142 91
142 390 91
390 298 91
298 390 91
390 14 91
14 390 91
390 399 91
399 390 91
390 57 91
57 390 91
390 98 91
98 390 91
390 129 91
129 390 91
390 387 53
387 390 53
390 35 53
35 390 53
390 24 53
24 390 53
390 209 53
209 390 53
390 104 53
104 390 53
390 242 53
242 390 53
390 138 53
138 390 53
390 324 53
324 390 53
390 318 53
318 390 53
390 149 53
149 390 53
390 339 53
339 390 53
390 411 53
411 390 53
390 392 53
392 390 53
390 306 53
306 390 53
390 182 53
182 390 53
390 39 53
39 390 53
390 410 55
410 390 51
450 123 51
123 450 51
450 231 51
231 450 51
450 376 51
376 450 51
450 76 51
76 450 51
450 347 51
347 450 51
450 204 55
204 450 55
154 192 55
192 154 55
154 454 55
454 154 55
154 223 55
223 154 55
154 20 55
20 154 55
154 379 55
379 154 55
154 324 55
324 154 55
154 384 55
384 154 55
154 86 55
86 154 55
53 478 4
478 53 4
303 265 4
265 303 4
303 298 4
298 303 4
303 382 4
382 303 4
303 28 4
28 303 4
303 248 4
248 303 4
303 60 4
60 303 4
303 471 4
471 303 4
303 495 4
495 303 4
303 145 4
145 303 4
276 58 76
58 276 76
276 7 76
7 276 76
276 370 76
370 276 76
276 186 76
186 276 76
276 499 76
499 276 76
276 353 76
353 276 76
276 290 76
290 276 76
276 352 76
352 276 76
276 85 76
85 276 76
276 32 76
32 276 76
276 238 76
238 276 76
276 247 76
247 276 76
276 104 30
104 276 11
410 59 11
59 410 11
410 273 11
273 410 11
410 45 11
45 410 11
410 469 11
469 410 11
410 141 11
141 410 34
410 42 34
42 410 34
410 269 29
269 410 29
128 125 29
125 128 29
128 44 29
44 128 29
128 29 29
29 128 29
128 106 29
106 128 29
128 299 29
299 128 29
128 134 29
134 128 29
128 135 29
135 128 29
128 327 29
327 128 29
128 237 29
237 128 29
128 391 29
391 128 29
128 315 29
315 128 29
128 35 8
35 128 14
128 166 14
166 128 14
128 130 14
130 128 14
128 153 14
153 128 14
128 258 14
258 128 14
128 473 14
473 128 14
128 337 14
337 128 14
128 367 14
367 128 14
128 94 14
94 128 14
128 57 14
57 128 14
128 280 14
280 128 14
128 291 14
291 128 14
128 120 14
120 128 83
128 243 67
243 128 67
266 98 67
98 266 67
266 203 67
203 266 67
266 302 67
302 266 67
266 421 67
421 266 67
266 88 67
88 266 67
266 336 22
336 266 83
482 6 83
6 482 83
482 336 83
336 482 83
482 411 83
411 482 83
482 292 83
292 482 83
482 40 83
40 482 83
482 210 83
210 482 83
482 370 83
370 482 83
482 77 83
77 482 83
482 26 34
26 482 34
482 469 34
469 482 34
482 38 34
38 482 34
482 31 34
31 482 34
482 63 34
63 482 34
482 240 34
240 482 34
482 181 34
181 482 34
482 497 34
497 482 34
482 307 34
307 482 34
482 221 34
221 482 34
482 360 34
360 482 34
482 340 34
340 482 34
482 321 56
321 482 56
482 322 56
322 482 56
482 389 56
389 482 56
482 28 56
28 482 56
482 286 56
286 482 56
482 216 56
216 482 56
482 369 56
369 482 56
482 283 56
283 482 56
482 21 56
21 482 56
482 126 56
126 482 56
482 148 56
148 482 56
482 141 56
141 482 56
482 334 42
334 482 42
482 488 42
488 482 42
482 392 42
392 482 42
482 136 42
136 482 42
482 351 42
351 482 42
482 151 42
151 482 42
482 160 42
160 482 42
482 499 42
499 482 42
482 295 42
295 482 42
482 172 42
172 482 42
482 254 42
254 482 42
482 171 42
171 482 42
482 53 42
53 482 42
482 20 42
20 482 42
482 213 42
213 482 42
482 260 66
260 482 66
482 248 66
248 482 66
482 59 66
59 482 66
482 289 66
289 482 66
482 55 66
55 482 66
482 460 66
460 482 66
482 129 66
129 482 66
482 170 66
170 482 66
482 197 66
197 482 66
482 329 66
329 482 66
482 175 66
175 482 66
482 364 66
364 482 66
482 498 66
498 482 66
482 219 66
219 482 66
482 131 66
131 482 66
482 375 31
375 482 69
482 266 69
266 482 69
482 457 69
457 482 69
482 35 69
35 482 69
482 83 69
83 482 69
482 194 69
194 482 69
482 466 69
466 482 69
482 0 69
0 482 69
482 394 69
394 482 69
482 230 69
230 482 69
482 117 69
117 482 69
482 161 69
161 482 69
482 243 9
243 482 9
482 41 9
41 482 9
482 37 9
37 482 9
482 206 9
206 482 9
482 60 9
60 482 9
482 96 9
96 482 9
482 335 9
335 482 9
482 276 9
276 482 9
482 429 9
429 482 9
482 312 9
312 482 99
482 227 72
227 482 72
482 200 72
200 482 72
482 91 72
91 482 72
482 449 72
449 482 72
482 350 72
350 482 72
482 332 72
332 482 72
482 79 21
79 482 21
482 408 21
408 482 21
482 169 21
169 482 21
482 73 21
73 482 21
482 303 21
303 482 21
482 52 21
52 482 21
482 25 21
25 482 21
482 431 21
431 482 21
482 455 21
455 482 91
482 373 85
373 482 85
284 359 85
359 284 85
284 293 88
293 284 88
284 458 88
458 284 88
284 422 88
422 284 88
284 14 88
14 284 88
284 334 88
334 284 88
284 486 88
486 284 88
284 73 88
73 284 88
284 199 89
199 284 89
284 395 89
395 284 89
284 384 89
384 284 89
284 103 89
103 284 89
284 75 89
75 284 89
284 321 89
321 284 89
284 368 89
368 284 89
284 237 89
237 284 89
284 454 89
454 284 89
284 42 89
42 284 89
284 26 75
26 284 54
153 69 54
69 153 54
153 333 54
333 153 54
153 207 54
207 153 54
153 294 54
294 153 54
153 197 54
197 153 54
153 17 54
17 153 54
153 363 54
363 153 54
153 331 54
331 153 54
153 30 54
30 153 54
153 456 94
456 153 94
153 271 94
271 153 94
153 442 94
442 153 94
153 59 94
59 153 94
153 218 94
218 153 94
153 7 94
7 153 94
153 27 94
27 153 94
153 371 94
371 153 94
153 130 94
130 153 94
153 407 94
407 153 94
153 296 94
296 153 94
153 398 94
398 153 94
153 309 94
309 153 94
153 133 94
133 153 94
153 469 94
469 153 94
153 418 94
418 153 94
153 83 94
83 153 37
36 167 37
167 36 37
36 490 37
490 36 37
36 355 37
355 36 37
36 296 37
296 36 37
451 483 52
483 451 52
451 97 52
97 451 52
451 8 52
8 451 52
451 292 52
292 451 52
451 29 52
29 451 80
279 40 80
40 279 80
279 295 80
295 279 80
279 293 80
293 279 80
279 113 80
113 279 80
279 303 76
303 279 76
279 47 76
47 279 76
279 230 76
230 279 76
279 288 76
288 279 76
279 300 76
300 279 76
279 268 37
268 279 37
36 244 37
244 36 37
36 6 37
6 36 37
36 76 37
76 36 37
36 17 37
17 36 37
36 393 37
393 36 37
55 40 56
40 55 56
55 158 56
158 55 56
55 4 56
4 55 56
55 94 56
94 55 56
55 433 56
433 55 56
55 36 56
36 55 56
55 114 33
114 55 33
332 257 33
257 332 33
332 140 33
140 332 33
332 284 33
284 332 33
332 223 33
223 332 33
332 496 33
496 332 33
417 488 18
488 417 18
417 158 18
158 417 18
417 153 18
153 417 18
417 76 18
76 417 18
417 29 18
29 417 18
417 116 18
116 417 18
417 440 18
440 417 18
417 110 18
110 417 18
417 231 18
231 417 18
417 316 76
316 417 76
417 447 76
447 417 76
417 407 76
407 417 76
417 267 94
267 417 94
417 241 94
241 417 94
417 4 94
4 417 94
417 68 32
68 417 32
417 365 32
365 417 32
417 304 32
304 417 32
417 457 32
457 417 32
417 326 32
326 417 32
417 411 32
411 417 32
417 216 32
216 417 32
417 243 32
243 417 32
417 491 32
491 417 32
417 232 23
232 417 23
417 302 23
302 417 23
417 438 23
438 417 23
417 403 23
403 417 23
417 327 23
327 417 23
417 325 23
325 417 23
417 32 23
32 417 23
417 66 23
66 417 23
417 61 23
61 417 23
417 144 23
144 417 23
417 446 23
446 417 41
417 203 41
203 417 41
417 307 41
307 417 41
417 108 41
108 417 41
417 177 41
177 417 41
417 86 41
86 417 41
417 400 41
400 417 41
417 200 41
200 417 41
417 54 41
54 417 41
417 36 41
36 417 39
338 102 39
102 338 39
338 425 67
425 338 67
338 360 67
360 338 67
338 384 67
384 338 67
338 55 67
55 338 67
338 437 67
437 338 67
338 83 67
83 338 67
338 59 67
59 338 67
338 423 77
423 338 97
396 339 97
339 396 97
396 451 97
451 396 97
396 116 97
116 396 97
396 367 97
367 396 97
396 226 97
226 396 97
396 225 97
225 396 97
396 394 97
394 396 97
396 256 97
256 396 97
396 344 97
344 396 97
396 448 5
448 396 5
396 272 5
272 396 5
396 9 5
9 396 5
396 288 5
288 396 5
396 160 5
160 396 5
396 179 5
179 396 5
396 399 5
399 396 5
396 358 5
358 396 5
396 114 5
114 396 5
396 224 5
224 396 5
396 130 28
130 396 28
396 246 28
246 396 28
396 317 28
317 396 28
396 388 28
388 396 28
396 496 28
496 396 28
396 181 28
181 396 28
396 498 28
498 396 28
396 475 28
475 396 28
396 55 50
55 396 50
396 354 50
354 396 50
396 40 50
40 396 50
396 151 50
151 396 50
396 266 50
266 396 50
396 449 50
449 396 50
396 270 50
270 396 50
396 306 50
306 396 50
396 126 50
126 396 50
396 312 50
312 396 50
396 431 50
431 396 50
396 408 4
408 396 4
396 275 4
275 396 4
396 379 4
379 396 34
396 352 34
352 396 34
396 120 34
120 396 34
396 29 34
29 396 34
396 105 34
105 396 34
396 415 34
415 396 34
396 481 34
481 396 34
396 357 34
357 396 34
396 89 34
89 396 34
396 227 34
227 396 72
396 380 39
380 396 39
396 335 39
335 396 39
396 484 39
484 396 39
396 393 39
393 396 39
396 149 39
149 396 39
396 346 39
346 396 39
396 62 39
62 396 39
396 383 39
383 396 39
396 395 39
395 396 39
396 470 77
470 396 77
396 413 77
413 396 77
396 489 77
489 396 77
396 103 2
103 396 2
396 90 2
90 396 2
396 52 2
52 396 2
396 139 2
139 396 2
396 12 2
12 396 2
396 310 2
310 396 2
396 212 2
212 396 2
396 371 2
371 396 2
396 443 2
443 396 2
396 83 2
83 396 2
396 314 59
314 396 59
396 456 59
456 396 59
396 386 59
386 396 59
396 163 59
163 396 59
396 322 59
322 396 59
396 420 59
420 396 59
396 477 59
477 396 59
396 45 59
45 396 59
396 169 59
169 396 37
136 310 37
310 136 37
136 479 37
479 136 37
136 421 37
421 136 37
136 158 37
158 136 37
136 209 37
209 136 37
136 93 37
93 136 37
136 356 93
356 136 93
136 118 93
118 136 93
136 130 93
130 136 93
136 492 93
492 136 93
136 302 93
302 136 93
136 168 93
168 136 93
136 190 93
190 136 93
136 469 93
469 136 93
136 115 93
115 136 93
136 267 22
267 136 22
136 363 22
363 136 22
136 353 22
353 136 22
136 337 22
337 136 22
136 411 22
411 136 22
136 176 22
176 136 22
136 229 22
229 136 22
136 171 22
171 136 22
136 103 22
103 136 22
136 133 22
133 136 95
136 2 95
2 136 95
136 58 95
58 136 95
136 276 95
276 136 95
136 258 95
258 136 95
136 116 95
116 136 95
136 144 32
144 136 32
136 390 32
390 136 32
136 361 32
361 136 32
136 164 32
164 136 32
136 415 32
415 136 32
136 221 32
221 136 19
136 49 19
49 136 19
136 349 19
349 136 19
136 257 19
257 136 19
136 338 19
338 136 19
136 154 19
154 136 19
136 279 19
279 136 19
136 266 19
266 136 19
136 188 19
188 136 19
136 102 19
102 136 19
136 90 19
90 136 19
136 220 19
220 136 19
136 40 19
40 136 19
136 138 19
138 136 19
136 71 19
71 136 19
136 425 19
425 136 19
136 252 19
252 136 19
136 127 19
127 136 19
136 134 19
134 136 19
136 341 19
341 136 19
136 313 19
313 136 19
136 122 19
122 136 19
136 368 19
368 136 19
136 84 19
84 136 19
136 395 19
395 136 97
171 25 72
25 171 72
171 231 72
231 171 72
171 80 72
80 171 72
171 92 72
92 171 72
171 280 72
280 171 72
171 150 72
150 171 72
171 223 72
223 171 72
171 6 72
6 171 72
171 20 72
20 171 97
171 465 61
465 171 61
171 362 61
362 171 61
171 42 61
42 171 61
171 464 61
464 171 61
171 251 61
251 171 61
171 0 61
0 171 61
171 344 61
344 171 61
171 389 61
389 171 61
171 259 61
259 171 61
171 65 61
65 171 61
171 432 61
432 171 61
171 481 61
481 171 61
171 334 61
334 171 61
171 112 61
112 171 61
171 436 61
436 171 61
171 435 61
435 171 61
171 238 61
238 171 61
171 460 61
460 171 61
171 244 61
244 171 61
171 206 61
206 171 61
171 354 27
354 171 27
171 170 27
170 171 27
171 73 27
73 171 27
171 111 27
111 171 27
171 377 27
377 171 27
171 462 27
462 171 27
171 463 27
463 171 27
171 474 27
474 171 27
171 88 27
88 171 27
171 399 27
399 171 27
171 13 27
13 171 27
171 19 27
19 171 27
171 18 27
18 171 27
171 113 27
113 171 27
171 392 27
392 171 27
171 473 27
473 171 27
171 446 27
446 171 27
171 421 27
421 171 27
171 8 27
8 171 27
171 296 27
296 171 27
171 396 27
396 171 27
171 420 27
420 171 27
171 483 27
483 171 27
171 177 27
177 171 27
171 119 27
119 171 27
171 410 27
410 171 27
171 189 99
189 171 42
41 151 42
151 41 42
41 255 42
255 41 42
41 66 42
66 41 42
48 467 49
467 48 49
48 125 49
125 48 49
48 391 49
391 48 49
48 277 49
277 48 49
48 291 49
291 48 49
48 442 49
442 48 49
48 242 49
242 48 49
48 200 49
200 48 49
48 329 49
329 48 49
48 134 49
134 48 49
48 129 49
129 48 49
48 325 49
325 48 49
48 228 49
228 48 49
48 356 49
356 48 49
48 210 49
210 48 49
48 311 49
311 48 49
48 161 49
161 48 49
48 279 49
279 48 49
48 168 49
168 48 49
48 349 49
349 48 49
48 322 49
322 48 49
48 101 49
101 48 49
48 206 49
206 48 49
48 141 49
141 48 49
48 423 49
423 48 49
48 53 49
53 48 49
48 54 49
54 48 49
48 435 49
435 48 49
48 202 49
202 48 49
48 378 49
378 48 49
48 465 49
465 48 49
48 480 49
480 48 49
48 432 49
432 48 49
48 340 49
340 48 49
48 211 49
211 48 49
48 61 49
61 48 49
48 403 49
403 48 49
48 247 49
247 48 49
48 105 49
105 48 49
48 0 49
0 48 49
48 434 49
434 48 49
48 424 49
424 48 49
48 488 49
488 48 49
48 128 49
128 48 49
48 373 49
373 48 49
48 227 49
227 48 49
48 207 49
207 48 49
48 330 49
330 48 49
48 100 49
100 48 49
48 45 49
45 48 49
48 173 49
173 48 49
48 1 49
1 48 49
48 35 49
35 48 49
48 301 49
301 48 49
48 308 49
308 48 49
48 74 49
74 48 49
48 112 49
112 48 49
48 443 49
443 48 49
48 72 49
72 48 49
48 24 49
24 48 49
48 314 49
314 48 49
48 456 49
456 48 49
48 464 49
464 48 49
48 358 19
358 48 34
48 376 34
376 48 34
48 188 34
188 48 34
48 137 34
137 48 34
48 375 34
375 48 34
48 69 34
69 48 34
48 385 34
385 48 34
48 256 64
256 48 64
48 240 64
240 48 64
48 338 64
338 48 64
48 95 64
95 48 64
48 64 64
64 48 64
. . .