44 59 15
59 44 15
44 10 15
10 44 15
44 30 15
30 44 15
44 55 15
55 44 11
10 19 11
19 10 11
10 7 11
7 10 11
10 25 11
25 10 11
10 5 11
5 10 11
10 13 11
13 10 11
10 32 11
32 10 11
10 14 11
14 10 11
10 9 11
9 10 11
10 0 11
0 10 11
10 31 11
31 10 11
10 33 11
33 10 11
10 57 11
57 10 11
10 53 11
53 10 11
10 17 11
17 10 11
10 52 11
52 10 11
10 51 11
51 10 11
10 35 9
35 10 7
10 22 7
22 10 7
10 41 7
41 10 7
10 16 7
16 10 7
10 11 7
11 10 7
10 49 7
49 10 7
10 50 7
50 10 7
10 12 7
12 10 7
10 38 7
38 10 7
10 15 7
15 10 7
10 37 7
37 10 7
10 34 7
34 10 7
10 18 7
18 10 7
10 20 7
20 10 7
10 39 3
39 10 3
10 43 3
43 10 3
10 47 3
47 10 3
10 23 3
23 10 3
10 29 3
29 10 3
10 3 3
3 10 3
10 21 3
21 10 3
10 24 3
24 10 3
10 28 3
28 10 3
10 58 3
58 10 3
10 59 3
59 10 3
10 48 3
48 10 3
10 45 10
45 10 11
10 42 11
42 10 11
10 6 11
6 10 11
10 36 11
36 10 11
10 2 11
2 10 11
10 46 11
46 10 11
10 30 11
30 10 11
10 27 11
27 10 11
10 54 11
54 10 11
10 26 11
26 10 11
10 4 11
4 10 11
10 1 11
1 10 11
10 40 11
40 10 11
10 55 11
55 10 11
10 56 11
56 10 11
10 8 11
8 10 11
32 28 11
28 32 11
32 23 11
23 32 11
32 49 11
49 32 11
32 44 11
44 32 11
32 35 11
35 32 11
32 59 11
59 32 11
32 38 11
38 32 11
32 14 11
14 32 9
58 32 9
32 58 9
58 52 9
52 58 9
58 5 9
5 58 9
58 30 9
30 58 9
58 39 9
39 58 9
58 41 9
41 58 9
58 33 9
33 58 9
58 51 9
51 58 9
58 25 9
25 58 9
58 6 9
6 58 9
58 59 11
59 58 11
58 46 11
46 58 11
58 0 15
0 58 15
58 37 15
37 58 15
58 50 15
50 58 15
58 15 15
15 58 15
58 12 15
12 58 15
58 2 15
2 58 15
58 49 15
49 58 15
58 34 15
34 58 15
58 23 15
23 58 15
58 43 15
43 58 15
58 4 15
4 58 15
58 48 15
48 58 15
58 9 5
9 58 2
23 19 14
19 23 14
23 42 14
42 23 14
23 17 14
17 23 14
23 21 14
21 23 14
23 6 14
6 23 14
23 31 14
31 23 14
23 9 14
9 23 14
23 49 14
49 23 14
23 13 14
13 23 14
23 43 14
43 23 14
23 40 14
40 23 14
23 57 14
57 23 14
23 52 14
52 23 14
23 48 6
48 23 6
23 20 6
20 23 6
23 27 6
27 23 6
23 45 6
45 23 6
23 22 6
22 23 6
23 29 6
29 23 6
23 26 6
26 23 6
23 44 6
44 23 6
23 0 6
0 23 6
23 36 6
36 23 6
23 33 6
33 23 6
23 56 6
56 23 6
23 47 6
47 23 6
23 38 6
38 23 6
23 3 6
3 23 6
23 28 6
28 23 6
23 59 6
59 23 6
23 30 6
30 23 6
23 35 6
35 23 6
23 34 6
34 23 6
23 39 6
39 23 6
23 11 6
11 23 6
23 41 6
41 23 6
23 18 6
18 23 6
23 55 6
55 23 6
23 15 6
15 23 6
23 5 6
5 23 6
23 53 6
53 23 6
23 12 6
12 23 6
23 1 6
1 23 6
23 4 6
4 23 6
23 8 6
8 23 6
23 37 6
37 23 6
23 2 6
2 23 6
23 54 6
54 23 6
23 50 6
50 23 6
23 7 6
7 23 6
23 24 6
24 23 6
23 14 6
14 23 6
23 46 6
46 23 6
23 51 6
51 23 6
23 16 6
16 23 6
23 25 6
25 23 6
2 16 6
16 2 6
2 54 6
54 2 6
2 30 6
30 2 6
2 43 6
43 2 6
2 17 14
17 2 3
2 39 7
39 2 7
2 55 7
55 2 7
2 59 7
59 2 7
2 7 7
7 2 7
2 46 7
46 2 7
2 28 7
28 2 7
2 8 7
8 2 7
2 14 7
14 2 7
2 6 7
6 2 7
2 11 7
11 2 7
2 12 7
12 2 7
2 13 7
13 2 7
2 15 2
15 2 2
2 0 2
0 2 10
29 48 10
48 29 10
29 34 10
34 29 10
29 26 10
26 29 10
29 51 10
51 29 10
29 53 10
53 29 10
29 31 10
31 29 10
29 54 10
54 29 11
29 55 11
55 29 11
29 59 11
59 29 11
29 14 11
14 29 11
29 56 11
56 29 11
29 42 11
42 29 11
29 11 11
11 29 11
29 32 11
32 29 11
29 50 11
50 29 11
29 16 11
16 29 11
38 8 11
8 38 11
38 17 11
17 38 11
38 58 11
58 38 11
38 45 11
45 38 11
38 42 11
42 38 11
38 57 11
57 38 11
38 48 11
48 38 11
38 26 11
26 38 11
38 50 11
50 38 11
38 14 11
14 38 11
38 12 11
12 38 11
38 33 5
33 38 5
38 20 5
20 38 5
38 7 5
7 38 5
38 28 5
28 38 5
38 25 5
25 38 5
38 30 5
30 38 5
38 44 5
44 38 5
38 53 5
53 38 5
38 2 5
2 38 5
38 52 5
52 38 5
38 34 5
34 38 12
38 15 12
15 38 12
38 13 12
13 38 12
38 27 11
27 38 11
38 18 11
18 38 11
38 21 11
21 38 11
38 47 11
47 38 11
38 49 11
49 38 11
38 11 11
11 38 11
38 46 11
46 38 11
38 24 11
24 38 11
38 56 11
56 38 11
38 5 11
5 38 6
38 31 6
31 38 6
38 3 6
3 38 6
38 0 6
0 38 6
38 35 6
35 38 6
38 29 14
29 38 14
38 39 14
39 38 14
38 59 14
59 38 14
38 54 14
54 38 14
38 19 14
19 38 14
38 37 14
37 38 5
2 48 5
48 2 5
2 42 5
42 2 5
2 52 5
52 2 5
2 20 5
20 2 5
2 33 5
33 2 5
2 41 5
41 2 5
2 9 5
9 2 5
2 4 5
4 2 5
2 51 5
51 2 7
7 56 7
56 7 7
. . .