727 443 3
443 727 3
727 171 3
171 727 3
727 920 3
920 727 3
727 697 3
697 727 3
727 514 3
514 727 3
727 378 3
378 727 3
727 300 3
300 727 3
727 288 3
288 727 3
727 353 3
353 727 3
727 503 3
503 727 3
727 747 3
747 727 3
727 91 3
91 727 3
727 8 12
8 727 12
727 678 12
678 727 12
727 153 12
153 727 12
727 442 12
442 727 12
727 549 12
549 727 12
727 476 12
476 727 12
727 231 12
231 727 12
727 825 12
825 727 12
727 253 12
253 727 12
727 533 12
533 727 12
727 659 12
659 727 12
727 643 12
643 727 12
727 489 12
489 727 12
727 202 12
202 727 12
727 796 12
796 727 12
727 261 12
261 727 12
727 618 9
618 727 9
727 516 9
516 727 9
727 205 9
205 727 9
727 224 9
224 727 9
727 581 9
581 727 9
727 270 9
270 727 9
727 311 9
311 727 9
727 709 9
709 727 9
727 461 9
461 727 9
727 591 9
591 727 9
727 87 9
87 727 9
727 978 9
978 727 9
727 256 9
256 727 9
727 937 9
937 727 9
727 21 9
21 727 9
727 525 9
525 727 9
727 444 9
444 727 9
727 800 9
800 727 9
727 588 9
588 727 9
727 822 9
822 727 9
727 81 11
81 727 11
727 62 11
62 727 11
727 120 11
120 727 11
727 259 11
259 727 11
727 778 14
778 727 14
727 621 14
621 727 14
727 860 14
860 727 14
727 501 14
501 727 14
727 562 14
562 727 14
727 36 14
36 727 14
727 945 14
945 727 14
727 287 14
287 727 14
727 71 14
71 727 14
727 314 14
314 727 14
727 6 14
6 727 14
727 172 14
172 727 14
727 864 9
864 727 9
727 456 9
456 727 9
727 587 9
587 727 9
727 842 9
842 727 9
727 226 9
226 727 9
727 756 9
756 727 9
727 416 9
416 727 9
727 223 9
223 727 9
727 180 9
180 727 9
727 293 9
293 727 9
727 556 9
556 727 9
727 971 9
971 727 9
727 559 9
559 727 9
727 307 9
307 727 9
727 219 9
219 727 9
727 321 9
321 727 9
727 594 9
594 727 9
727 35 9
35 727 9
727 681 9
681 727 9
727 502 9
502 727 9
727 523 9
523 727 9
727 741 9
741 727 9
727 148 9
148 727 9
727 780 9
780 727 9
727 779 4
779 727 4
727 450 4
450 727 4
727 965 4
965 727 4
727 330 4
330 727 4
727 541 4
541 727 4
727 612 4
612 727 4
727 539 4
539 727 4
727 339 4
339 727 4
727 11 4
11 727 4
727 576 4
576 727 4
727 15 4
15 727 4
727 359 4
359 727 4
727 606 4
606 727 4
727 751 4
751 727 4
727 447 11
447 727 11
727 814 11
814 727 11
727 773 11
773 727 9
727 173 7
173 727 7
936 459 7
459 936 7
936 671 7
671 936 7
936 573 7
573 936 6
670 653 6
653 670 6
670 282 6
282 670 6
670 564 6
564 670 6
670 507 6
507 670 6
670 120 6
120 670 6
670 410 6
410 670 6
670 385 6
385 670 6
670 54 6
54 670 6
670 426 6
426 670 6
670 506 6
506 670 6
670 303 6
303 670 6
670 830 7
830 670 7
670 708 7
708 670 7
670 989 7
989 670 7
670 223 7
223 670 7
670 418 7
418 670 7
670 577 7
577 670 7
670 704 7
704 670 7
670 806 7
806 670 7
670 890 7
890 670 7
670 961 7
961 670 7
670 27 7
27 670 7
670 94 7
94 670 7
670 167 7
167 670 7
670 252 7
252 670 7
670 356 7
356 670 7
670 486 7
486 670 7
670 646 7
646 670 7
670 844 7
844 670 7
670 83 7
83 670 7
670 374 7
374 670 7
670 725 7
725 670 7
670 133 7
133 670 7
670 613 7
613 670 7
670 168 7
168 670 7
670 805 7
805 670 7
670 531 7
531 670 7
670 349 7
349 670 7
670 272 7
272 670 7
670 93 1
93 670 1
670 346 1
346 670 1
670 885 1
885 670 1
670 709 1
709 670 1
670 816 1
816 670 1
670 209 1
209 670 1
670 896 1
896 670 1
670 867 1
867 670 1
670 128 1
128 670 1
670 682 1
682 670 1
670 527 1
527 670 1
670 664 1
664 670 1
670 95 1
95 670 1
670 822 1
822 670 1
670 843 1
843 670 1
670 159 1
159 670 1
670 773 1
773 670 1
670 345 6
345 670 6
905 170 6
170 905 6
905 546 6
546 905 6
905 42 6
42 905 6
905 668 6
668 905 6
905 432 6
432 905 6
905 345 6
345 905 6
905 416 6
416 905 6
905 655 6
655 905 6
905 70 6
70 905 6
905 674 6
674 905 6
905 471 6
471 905 6
905 476 6
476 905 6
905 698 6
698 905 6
905 141 6
141 905 6
905 824 6
824 905 6
905 751 6
751 905 6
905 932 14
932 905 14
905 504 14
504 905 14
905 62 14
62 905 14
905 820 14
820 905 14
905 783 14
783 905 14
905 959 14
959 905 14
905 351 14
351 905 14
905 975 14
975 905 14
905 829 14
829 905 14
905 922 13
922 905 13
732 630 13
630 732 13
732 750 13
750 732 13
732 101 13
101 732 13
732 698 13
698 732 13
732 553 13
553 732 13
732 681 13
681 732 13
732 93 13
93 732 8
732 827 15
827 732 15
732 503 15
503 732 15
732 89 15
89 732 15
732 589 15
589 732 15
732 19 15
19 732 15
732 387 15
387 732 15
732 710 15
710 732 15
732 994 15
994 732 15
732 255 15
255 732 15
732 502 15
502 732 15
732 757 15
757 732 15
732 17 15
17 732 15
732 305 15
305 732 15
732 629 15
629 732 15
732 5 15
5 732 15
732 441 15
441 732 15
732 954 15
954 732 15
732 551 15
551 732 15
732 251 15
251 732 15
732 64 15
64 732 15
732 999 15
999 732 15
732 742 2
742 732 2
732 873 2
873 732 2
732 197 2
197 732 2
732 713 2
713 732 2
732 421 2
421 732 2
732 327 2
327 732 2
732 425 2
425 732 2
732 721 2
721 732 2
732 210 2
210 732 2
732 897 2
897 732 2
732 782 2
782 732 2
732 861 2
861 732 2
732 141 2
141 732 2
732 615 2
615 732 2
732 295 2
295 732 2
732 174 2
174 732 2
732 253 2
253 732 2
732 91 6
91 732 6
732 68 6
68 732 6
732 547 6
547 732 6
732 537 6
537 732 6
732 43 6
43 732 6
732 66 6
66 732 6
732 610 6
610 732 6
732 684 6
684 732 6
732 292 6
292 732 6
732 435 6
435 732 6
732 125 6
125 732 6
732 358 6
358 732 6
732 147 6
147 732 6
732 488 6
488 732 6
732 396 6
396 732 6
732 871 6
871 732 6
732 917 6
917 732 6
732 540 6
540 732 6
732 751 6
751 732 6
732 541 6
541 732 6
732 929 6
929 732 6
732 913 6
913 732 6
732 498 7
498 732 3
400 346 11
346 400 11
400 672 11
672 400 11
400 376 11
376 400 11
400 463 11
463 400 11
400 930 11
930 400 11
400 781 11
781 400 11
400 16 11
16 400 11
400 637 11
637 400 11
400 645 11
645 400 11
400 41 11
41 400 11
400 826 11
826 400 11
400 0 8
0 400 8
400 317 12
317 400 12
400 666 12
666 400 12
400 768 12
768 400 12
400 634 12
634 400 12
400 281 12
281 400 12
400 720 12
720 400 12
400 957 12
957 400 12
400 7 12
7 400 12
400 881 12
881 400 12
400 588 12
588 400 12
400 150 12
150 400 12
400 565 12
565 400 12
400 858 12
858 400 12
400 33 12
33 400 12
400 102 12
102 400 12
400 79 12
79 400 12
400 988 9
988 400 9
73 945 9
945 73 9
73 268 9
268 73 9
73 48 9
48 73 9
73 296 9
296 73 9
73 13 9
13 73 9
73 214 9
214 73 9
73 899 9
899 73 9
73 84 9
84 73 9
73 767 9
767 73 9
73 963 9
963 73 9
73 676 9
676 73 9
514 709 15
709 514 15
514 196 15
196 514 15
514 291 7
291 514 7
656 171 7
171 656 7
656 185 7
185 656 7
656 701 7
701 656 7
656 724 7
724 656 7
656 258 7
258 656 7
656 309 7
309 656 7
656 880 7
880 656 7
656 976 7
976 656 7
656 601 7
601 656 7
656 764 7
764 656 7
630 362 6
362 630 6
630 12 6
12 630 6
630 532 6
532 630 6
630 935 6
935 630 6
630 231 6
231 630 6
630 434 6
434 630 6
630 555 6
555 630 6
630 605 6
605 630 6
630 596 6
596 630 6
630 540 6
540 630 6
630 78 7
78 630 7
630 831 7
831 630 7
630 193 7
193 630 7
630 457 7
457 630 7
630 634 7
634 630 7
296 474 7
474 296 7
296 2 7
2 296 7
296 170 7
170 296 7
296 981 7
981 296 7
296 448 7
448 296 7
296 576 7
576 296 7
296 372 7
372 296 7
296 846 7
846 296 7
296 7 7
7 296 7
296 861 7
861 296 7
296 418 7
418 296 7
296 685 7
685 296 7
296 670 7
670 296 7
296 382 7
382 296 7
296 215 11
215 296 11
296 860 7
860 296 7
381 757 7
757 381 7
381 209 7
209 381 7
381 742 7
742 381 7
381 358 7
358 381 7
381 61 7
61 381 7
381 855 7
855 381 7
381 739 7
739 381 7
267 648 3
648 267 3
267 504 3
504 267 3
267 841 3
841 267 3
267 662 3
662 267 3
267 972 3
972 267 3
267 809 7
809 267 7
267 512 7
512 267 7
267 546 7
546 267 7
267 108 1
108 267 1
267 347 1
347 267 1
267 965 1
965 267 1
267 963 1
963 267 1
267 348 1
348 267 1
267 124 1
124 267 2
267 461 2
461 267 2
267 887 2
887 267 2
267 554 2
554 267 2
267 466 2
466 267 2
267 636 2
636 267 2
267 66 2
66 267 2
267 765 2
765 267 2
267 739 2
739 267 2
267 997 2
997 267 2
267 540 2
540 267 2
267 382 2
382 267 2
267 529 2
529 267 2
267 988 2
988 267 2
267 761 2
761 267 2
267 438 2
438 267 2
267 720 2
720 267 2
267 196 2
196 267 2
267 875 2
875 267 2
267 757 2
757 267 2
267 850 2
850 267 2
267 154 2
154 267 2
267 674 2
674 267 12
267 488 12
488 267 12
267 436 12
436 267 12
267 212 12
212 267 12
267 822 12
822 267 12
267 280 12
280 267 12
267 609 12
609 267 12
267 821 3
821 267 3
267 513 14
513 267 14
267 162 14
162 267 7
656 53 7
53 656 7
656 377 7
377 656 7
656 252 7
252 656 7
656 685 7
685 656 7
656 680 7
680 656 7
656 243 7
243 656 7
656 380 7
380 656 11
656 332 11
332 656 11
656 149 11
149 656 11
656 803 11
803 656 11
656 288 11
288 656 11
656 614 11
614 656 11
656 791 11
791 656 11
656 691 11
691 656 11
656 654 11
654 656 11
656 216 11
216 656 11
656 388 11
388 656 11
656 168 11
168 656 11
656 583 11
583 656 11
656 638 11
638 656 11
656 346 14
346 656 14
656 176 14
176 656 14
656 197 14
197 656 14
656 46 14
46 656 14
656 669 5
669 656 5
656 307 5
307 656 5
656 19 5
19 656 5
656 820 5
820 656 5
656 698 5
698 656 5
656 661 5
661 656 5
656 722 5
722 656 5
656 872 5
872 656 5
656 115 5
115 656 5
656 981 3
981 656 3
656 55 3
55 656 3
656 514 3
514 656 3
656 368 3
368 656 3
656 608 3
608 656 3
656 256 3
256 656 3
656 304 3
304 656 3
656 762 3
762 656 3
656 624 3
624 656 3
656 913 3
913 656 3
656 613 3
613 656 3
656 752 3
752 656 3
656 313 3
313 656 3
656 310 3
310 656 3
656 748 3
748 656 3
656 622 3
622 656 3
656 955 4
955 656 4
873 864 4
864 873 4
873 789 4
789 873 4
873 345 4
345 873 4
873 539 4
539 873 4
873 380 4
380 873 4
873 877 4
877 873 4
873 33 4
33 873 4
873 859 4
859 873 4
873 365 4
365 873 4
873 558 4
558 873 4
873 445 4
445 873 4
873 37 4
37 873 4
873 335 4
335 873 4
873 357 4
357 873 4
873 107 4
107 873 4
873 592 4
592 873 2
873 607 2
607 873 2
873 698 2
698 873 2
873 911 2
911 873 2
873 243 2
243 873 2
873 712 1
712 873 1
873 216 1
216 873 1
873 839 1
839 873 1
873 615 1
615 873 1
873 542 1
542 873 1
873 627 1
627 873 1
873 865 1
865 873 1
873 254 1
254 873 1
873 803 10
803 873 10
873 791 10
791 873 10
873 845 10
845 873 10
873 753 10
753 873 10
873 525 10
525 873 10
873 177 10
177 873 10
873 709 10
709 873 15
873 586 15
586 873 15
873 13 15
13 873 15
873 593 15
593 873 15
873 338 15
338 873 15
873 253 15
253 873 15
873 337 15
337 873 15
873 599 15
599 873 15
873 752 7
752 873 7
873 727 7
727 873 7
873 390 12
390 873 12
873 399 12
399 873 12
873 893 12
893 873 12
873 256 2
256 873 2
873 662 2
662 873 2
873 807 2
807 873 2
873 693 2
693 873 2
873 344 2
344 873 2
873 774 2
774 873 2
873 986 2
986 873 2
873 993 2
993 873 2
873 809 2
809 873 2
873 441 2
441 873 2
873 921 2
921 873 2
873 227 2
227 873 2
873 406 2
406 873 2
873 451 2
451 873 2
873 377 8
377 873 8
873 23 8
23 873 8
873 259 8
259 873 8
873 958 8
958 873 8
873 111 8
111 873 8
873 741 8
741 873 8
873 861 8
861 873 8
873 471 8
471 873 8
873 590 8
590 873 8
873 231 8
231 873 8
873 409 8
409 873 8
873 124 8
124 873 8
873 393 8
393 873 8
873 223 8
223 873 8
873 641 8
641 873 8
873 198 8
198 873 8
873 236 13
236 873 13
873 174 13
174 873 13
873 132 13
132 873 13
873 761 13
761 873 13
873 65 13
65 873 13
873 59 13
59 873 13
873 749 13
749 873 13
873 145 13
145 873 13
873 261 13
261 873 13
873 93 13
93 873 13
873 663 13
663 873 13
873 975 8
975 873 8
873 82 8
82 873 8
873 731 8
731 873 8
873 142 8
142 873 8
873 326 8
326 873 12
873 673 12
673 873 12
873 292 12
292 873 12
873 285 12
285 873 12
873 658 12
658 873 12
873 431 12
431 873 12
873 594 12
594 873 12
873 167 12
167 873 12
873 57 7
57 873 7
873 961 7
961 873 7
873 43 7
43 873 7
873 314 7
314 873 7
873 778 7
778 873 7
873 435 7
435 873 7
873 287 7
287 873 7
873 347 7
347 873 7
873 609 7
609 873 7
873 83 7
83 873 7
873 51 8
51 873 8
873 486 8
486 873 8
873 298 8
298 873 8
873 503 8
503 873 8
873 98 8
98 873 8
873 95 8
95 873 8
873 421 12
421 873 12
873 890 12
890 873 12
873 801 12
801 873 12
873 163 12
163 873 12
873 995 12
995 873 12
873 306 12
306 873 12
873 103 12
103 873 12
873 410 13
410 873 13
873 501 13
501 873 13
873 336 13
336 873 13
873 965 13
965 873 13
873 417 13
417 873 13
873 688 13
688 873 13
873 822 13
822 873 13
873 826 13
826 873 13
873 880 12
880 873 12
873 247 12
247 873 12
873 978 12
978 873 12
873 74 12
74 873 12
873 553 12
553 873 12
873 426 12
426 873 12
873 689 12
689 873 12
873 376 12
376 873 12
873 506 12
506 873 12
831 668 12
668 831 12
831 749 12
749 831 12
831 951 12
951 831 12
9 704 5
704 9 5
9 72 5
72 9 5
9 115 5
115 9 5
9 833 5
833 9 5
9 232 5
232 9 5
9 311 5
311 9 5
9 71 5
71 9 5
9 519 5
519 9 1
9 369 1
369 9 1
9 16 1
16 9 6
9 372 11
372 9 11
9 999 9
999 9 9
465 379 11
379 465 11
465 99 11
99 465 11
465 637 11
637 465 11
465 1 11
1 465 11
465 207 11
207 465 11
465 264 11
264 465 11
465 183 11
183 465 11
465 977 11
977 465 11
465 660 11
660 465 11
465 239 11
239 465 11
465 729 11
729 465 11
465 139 4
139 465 4
465 695 4
695 465 4
465 768 4
768 465 4
465 892 4
892 465 4
465 82 4
82 465 4
465 353 4
353 465 4
465 711 4
711 465 4
465 172 4
172 465 4
465 750 4
750 465 4
465 454 4
454 465 4
465 300 4
300 465 4
465 298 4
298 465 4
465 463 4
463 465 4
465 57 11
57 465 11
465 68 11
68 465 11
465 871 11
871 465 11
465 397 11
397 465 11
465 648 11
648 465 11
465 640 11
640 465 11
465 382 11
382 465 11
465 876 11
876 465 11
465 134 11
134 465 11
465 167 11
167 465 11
465 980 11
980 465 11
465 584 11
584 465 11
465 986 11
986 465 11
465 198 15
198 465 15
465 349 15
349 465 15
465 141 15
141 465 15
465 605 15
605 465 15
465 757 15
757 465 15
465 604 15
604 465 15
465 171 15
171 465 15
465 470 15
470 465 15
465 509 15
509 465 15
465 309 15
309 465 15
465 882 15
882 465 15
465 248 15
248 465 15
465 419 15
419 465 15
465 409 15
409 465 15
465 232 15
232 465 15
465 908 15
908 465 15
465 452 15
452 465 15
465 872 15
872 465 15
465 194 15
194 465 15
465 431 15
431 465 15
465 591 15
591 465 15
465 698 15
698 465 15
465 764 15
764 465 15
465 804 15
804 465 15
465 835 15
835 465 15
465 875 15
875 465 15
465 939 15
939 465 15
465 40 15
40 465 15
465 203 15
203 465 15
465 436 15
436 465 15
465 754 1
754 465 1
465 45 1
45 465 1
465 792 1
792 465 1
465 537 1
537 465 1
465 291 1
291 465 1
465 64 1
64 465 1
465 868 1
868 465 1
465 714 1
714 465 1
465 608 6
608 465 6
465 522 6
522 465 6
465 607 6
607 465 6
465 861 6
861 465 6
465 288 6
288 465 6
465 888 6
888 465 6
465 653 6
653 465 6
465 589 6
589 465 6
465 704 6
704 465 6
465 990 6
990 465 6
465 446 6
446 465 6
465 79 6
79 465 6
465 890 6
890 465 5
465 982 5
982 465 5
465 784 5
784 465 5
465 170 5
170 465 5
465 150 5
150 465 5
465 726 2
726 465 2
465 332 2
332 465 2
465 488 2
488 465 2
465 529 2
529 465 2
465 477 2
477 465 2
465 341 2
341 465 2
465 143 2
143 465 2
465 904 2
904 465 2
465 625 2
625 465 2
465 336 2
336 465 2
465 49 2
49 465 8
465 802 3
802 465 3
465 146 3
146 465 3
465 981 3
981 465 3
465 307 3
307 465 3
465 120 3
120 465 3
465 433 3
433 465 3
465 240 3
240 465 3
465 542 3
542 465 3
465 342 3
342 465 3
465 642 3
642 465 3
465 443 3
443 465 3
465 748 3
748 465 3
465 960 5
960 465 5
14 188 5
188 14 5
14 151 5
151 14 5
14 915 5
915 14 5
14 493 5
493 14 5
14 893 5
893 14 5
14 131 5
131 14 5
14 218 5
218 14 5
14 161 5
161 14 5
14 974 5
974 14 5
14 671 2
671 14 2
14 791 7
791 14 7
14 772 2
772 14 2
14 842 2
842 14 2
14 728 2
728 14 2
14 437 2
437 14 2
14 967 2
967 14 2
14 323 2
323 14 2
14 505 2
505 14 2
14 518 2
518 14 2
14 363 2
363 14 2
14 44 2
44 14 2
14 297 12
297 14 12
14 590 12
590 14 12
14 84 12
84 14 12
14 780 12
780 14 12
14 679 12
679 14 12
14 782 12
782 14 12
14 89 12
89 14 12
14 599 12
599 14 12
14 316 12
316 14 12
14 239 12
239 14 12
14 368 12
368 14 12
14 701 12
701 14 12
14 246 12
246 14 12
14 996 12
996 14 12
14 955 12
955 14 12
14 126 12
126 14 12
14 508 12
508 14 12
14 99 12
99 14 12
14 901 12
901 14 6
820 447 6
447 820 6
820 670 6
670 820 6
820 920 6
920 820 6
820 206 6
206 820 6
820 544 6
544 820 6
820 948 6
948 820 6
820 422 6
422 820 6
820 990 6
990 820 6
820 652 6
652 820 6
820 430 6
430 820 6
820 333 6
333 820 6
820 374 6
374 820 6
820 567 6
567 820 6
820 922 6
922 820 6
820 451 6
451 820 6
820 168 6
168 820 6
820 89 6
89 820 6
780 61 1
61 780 1
780 422 1
422 780 1
780 588 1
588 780 1
780 561 1
561 780 1
780 344 1
344 780 1
780 940 1
940 780 1
780 349 1
349 780 1
780 576 1
576 780 1
780 623 1
623 780 1
780 489 1
489 780 1
780 182 1
182 780 1
780 703 1
703 780 1
780 51 1
51 780 1
780 232 1
232 780 1
780 248 1
248 780 1
780 101 1
101 780 3
267 712 3
712 267 3
267 77 3
77 267 3
267 19 3
19 267 3
267 538 3
538 267 3
267 646 3
646 267 3
267 342 3
342 267 3
267 641 3
641 267 3
267 537 3
537 267 3
267 44 3
44 267 3
267 159 3
159 267 3
267 894 3
894 267 3
267 244 3
244 267 3
267 226 3
226 267 3
267 842 3
842 267 3
267 91 3
91 267 3
267 985 3
985 267 3
267 523 3
523 267 3
267 721 3
721 267 3
267 574 3
574 267 3
267 92 3
92 267 3
267 277 3
277 267 3
267 139 3
139 267 3
267 943 13
943 267 13
677 895 13
895 677 13
677 291 13
291 677 13
677 870 13
870 677 13
677 634 13
634 677 13
677 588 13
588 677 13
677 737 13
737 677 13
677 81 13
81 677 13
677 624 13
624 677 13
677 373 13
373 677 13
677 329 13
329 677 13
677 496 13
496 677 13
677 880 13
880 677 13
677 478 13
478 677 13
677 301 13
301 677 13
677 351 13
351 677 13
677 631 13
631 677 13
677 142 13
142 677 13
677 894 13
894 677 13
677 884 13
884 677 13
677 118 13
118 677 13
677 602 13
602 677 13
677 339 13
339 677 13
677 332 13
332 677 13
878 653 9
653 878 9
878 701 9
701 878 9
878 25 9
25 878 9
878 627 9
627 878 9
878 514 9
514 878 9
878 690 9
690 878 9
878 156 9
156 878 9
878 918 9
918 878 9
878 978 9
978 878 9
878 340 9
340 878 9
878 12 9
12 878 9
878 994 9
994 878 9
878 290 9
290 878 9
878 905 9
905 878 9
878 843 9
843 878 9
878 112 9
112 878 9
878 708 9
708 878 9
878 638 9
638 878 9
878 874 6
874 878 6
878 808 6
808 878 6
878 360 6
360 878 6
878 535 6
535 878 6
878 352 6
352 878 6
878 816 6
816 878 6
878 943 6
943 878 6
878 737 6
737 878 6
878 218 6
218 878 6
878 392 6
392 878 2
878 963 2
963 878 2
878 436 2
436 878 2
878 599 2
599 878 2
878 465 2
465 878 2
878 41 2
41 878 2
878 323 2
323 878 8
622 488 8
488 622 8
622 115 8
115 622 8
622 552 8
552 622 8
622 812 8
812 622 8
622 904 8
904 622 8
622 841 8
841 622 8
622 634 8
634 622 8
622 296 8
296 622 8
622 339 8
339 622 8
622 104 8
104 622 8
622 935 8
935 622 8
622 830 8
830 622 8
622 796 8
796 622 8
622 839 8
839 622 8
622 959 8
959 622 8
622 54 8
54 622 8
622 238 8
238 622 8
622 753 8
753 622 8
622 615 8
615 622 8
622 842 8
842 622 8
622 433 8
433 622 8
622 414 8
414 622 8
622 794 8
794 622 8
622 587 8
587 622 8
622 809 8
809 622 8
622 63 14
63 622 8
622 890 8
890 622 8
622 836 8
836 622 8
622 58 8
58 622 8
622 559 8
559 622 8
622 365 8
365 622 8
622 480 8
480 622 8
622 927 8
927 622 8
622 702 8
702 622 8
622 837 8
837 622 8
622 332 8
332 622 8
622 212 8
212 622 8
622 481 8
481 622 8
622 162 7
162 622 7
622 138 7
138 622 7
622 535 1
535 622 1
622 834 1
834 622 1
622 311 1
311 622 1
622 975 1
975 622 1
622 808 1
808 622 1
622 833 1
833 622 1
622 41 1
41 622 1
622 427 1
427 622 1
622 5 1
5 622 1
622 756 1
756 622 9
622 776 9
776 622 9
622 313 9
313 622 9
622 827 9
827 622 9
622 338 9
338 622 9
622 861 9
861 622 9
622 392 9
392 622 9
622 968 9
968 622 9
622 577 9
577 622 9
622 254 9
254 622 9
622 6 9
6 622 9
622 911 12
911 622 12
622 289 12
289 622 12
622 771 12
771 622 12
622 668 12
668 622 12
622 979 12
979 622 12
622 682 12
682 622 12
622 805 12
805 622 12
622 347 12
347 622 12
622 295 12
295 622 12
622 660 12
660 622 12
622 591 9
591 622 9
622 941 9
941 622 9
622 423 9
423 622 9
622 74 9
74 622 9
622 878 9
878 622 9
622 852 9
852 622 9
622 2 9
2 622 9
622 328 9
328 622 9
622 856 9
856 622 9
622 566 9
566 622 9
622 68 13
68 622 13
622 632 13
632 622 13
622 93 13
93 622 13
622 370 13
370 622 13
622 497 13
497 622 13
622 490 13
490 622 13
622 363 13
363 622 13
622 136 13
136 622 13
622 806 13
806 622 13
622 417 13
417 622 13
622 974 13
974 622 13
622 60 13
60 622 13
622 393 13
393 622 13
622 791 13
791 622 13
622 273 13
273 622 13
622 826 13
826 622 13
622 460 13
460 622 13
622 178 13
178 622 13
622 982 13
982 622 13
622 870 13
870 622 13
622 659 3
659 622 3
622 35 3
35 622 3
622 769 3
769 622 3
622 929 3
929 622 3
622 485 3
485 622 3
622 482 3
482 622 3
622 939 3
939 622 3
622 859 3
859 622 3
622 644 4
644 622 4
622 956 4
956 622 4
622 743 4
743 622 4
622 71 4
71 622 4
622 886 4
886 622 4
622 218 4
218 622 4
622 83 4
83 622 4
622 454 4
454 622 4
622 371 4
371 622 4
622 817 4
817 622 4
622 807 4
807 622 4
622 353 4
353 622 11
622 151 11
151 622 11
622 671 11
671 622 9
622 643 9
643 622 9
622 424 9
424 622 9
622 936 9
936 622 9
622 175 9
175 622 9
622 158 9
158 622 9
622 887 9
887 622 9
622 362 9
362 622 9
622 601 9
601 622 9
622 608 9
608 622 9
622 391 9
391 622 9
622 957 9
957 622 9
622 476 7
476 622 7
622 114 7
114 622 7
622 139 7
139 622 7
622 554 7
554 622 7
622 388 7
388 622 7
622 225 9
225 622 9
622 616 9
616 622 9
622 17 9
17 622 9
622 410 9
410 622 9
622 845 9
845 622 9
622 315 9
315 622 9
622 865 9
865 622 9
622 484 9
484 622 9
622 208 9
208 622 9
622 53 9
53 622 9
622 32 9
32 622 9
622 166 15
166 622 15
622 44 15
44 622 15
622 348 15
348 622 15
622 122 15
122 622 15
622 342 15
342 622 15
622 49 15
49 622 15
622 230 15
230 622 15
622 901 15
901 622 15
622 77 15
77 622 15
622 735 15
735 622 15
622 944 15
944 622 15
622 654 15
654 622 15
622 915 15
915 622 15
622 704 15
704 622 15
622 69 15
69 622 15
622 980 15
980 622 15
622 457 15
457 622 15
622 521 2
521 622 2
866 367 2
367 866 2
866 395 2
395 866 2
866 959 2
959 866 2
866 70 2
70 866 9
866 781 9
781 866 9
866 968 9
968 866 9
866 41 9
41 866 9
866 8 9
8 866 9
866 873 9
873 866 9
866 643 9
643 866 9
866 325 9
325 866 9
866 922 9
922 866 9
866 443 9
443 866 9
866 889 4
889 866 9
348 620 9
620 348 9
348 936 9
936 348 9
348 385 9
385 348 9
348 980 9
980 348 9
348 733 9
733 348 9
348 657 9
657 348 9
348 765 9
765 348 9
348 68 9
68 348 9
348 579 9
579 348 9
348 314 9
314 348 9
348 283 9
283 348 9
348 500 9
500 348 9
348 977 9
977 348 9
348 727 9
727 348 9
348 750 10
750 348 10
348 472 10
472 348 10
348 859 10
859 348 10
348 911 10
911 348 10
348 639 10
639 348 10
348 54 11
54 348 7
348 604 7
604 348 7
348 818 7
818 348 7
348 851 7
851 348 7
348 708 7
708 348 7
348 395 7
395 348 7
348 808 5
808 348 5
348 606 5
606 348 5
348 39 5
39 348 5
348 97 5
97 348 5
348 783 5
783 348 5
348 104 5
104 348 5
348 57 5
57 348 5
348 644 5
644 348 5
348 875 5
875 348 5
348 740 5
740 348 5
348 249 5
249 348 5
348 404 5
404 348 5
348 205 5
205 348 5
348 653 5
653 348 5
348 754 5
754 348 6
348 164 6
164 348 6
348 222 6
222 348 6
348 958 6
958 348 6
348 370 6
370 348 6
348 470 6
470 348 6
348 264 6
264 348 6
348 756 6
756 348 6
348 947 6
947 348 6
348 845 6
845 348 6
348 453 6
453 348 6
348 787 6
787 348 6
348 840 6
840 348 6
348 616 6
616 348 6
348 140 6
140 348 6
348 396 6
396 348 6
348 400 6
400 348 6
348 156 6
156 348 6
348 667 6
667 348 6
348 944 6
944 348 6
348 988 11
988 348 11
348 982 11
982 348 11
348 684 11
684 348 11
348 656 11
656 348 11
348 905 11
905 348 11
348 426 11
426 348 11
348 237 11
237 348 11
348 340 11
340 348 11
348 747 11
747 348 11
348 461 11
461 348 11
348 492 11
492 348 11
348 850 11
850 348 11
348 530 11
530 348 11
348 553 11
553 348 11
348 930 11
930 348 11
348 649 11
649 348 11
348 737 11
737 348 11
348 193 11
193 348 11
348 30 11
30 348 11
348 244 11
244 348 11
348 860 11
860 348 11
348 870 11
870 348 11
348 285 11
285 348 11
348 122 5
122 348 5
348 433 5
433 348 5
348 294 5
294 348 5
348 248 5
248 348 5
348 318 5
318 348 5
348 515 5
515 348 5
348 865 5
865 348 5
348 367 5
367 348 5
348 62 5
62 348 5
348 951 5
951 348 5
348 51 5
51 348 5
348 383 5
383 348 5
348 973 5
973 348 5
348 822 5
822 348 5
348 963 5
963 348 5
348 399 5
399 348 5
348 160 5
160 348 5
348 257 5
257 348 5
348 709 5
709 348 5
348 538 5
538 348 5
348 760 5
760 348 5
348 387 5
387 348 5
348 446 5
446 348 5
348 953 5
953 348 5
348 919 5
919 348 10
214 436 10
436 214 10
214 292 10
292 214 10
214 321 10
321 214 10
214 529 10
529 214 10
214 920 10
920 214 10
214 506 10
506 214 10
214 288 10
288 214 10
214 277 10
277 214 10
214 481 10
481 214 10
214 899 10
899 214 10
214 548 10
548 214 10
214 423 10
423 214 10
214 543 10
543 214 10
214 903 10
903 214 10
214 520 10
520 214 10
214 393 10
393 214 10
214 539 10
539 214 10
214 952 10
952 214 10
214 650 10
650 214 10
214 633 10
633 214 10
214 908 10
908 214 10
214 486 10
486 214 10
214 372 10
372 214 10
214 582 10
582 214 10
214 103 10
103 214 10
214 962 10
962 214 10
214 152 10
152 214 10
214 695 10
695 214 10
214 585 11
585 214 11
280 874 11
874 280 11
280 91 11
91 280 11
280 607 11
607 280 11
280 433 11
433 280 11
280 582 11
582 280 11
280 67 11
67 280 11
280 904 11
904 280 11
280 103 11
103 280 11
280 678 11
678 280 11
280 642 11
642 280 11
280 8 11
8 280 11
280 792 11
792 280 11
280 4 11
4 280 11
280 661 11
661 280 11
280 773 11
773 280 11
280 356 11
356 280 11
280 422 11
422 280 11
280 986 11
986 280 11
280 62 11
62 280 11
280 663 11
663 280 11
280 803 11
803 280 11
280 494 11
494 280 11
280 754 10
754 280 10
280 933 10
933 280 10
280 248 10
248 280 10
280 84 10
84 280 10
280 445 10
445 280 10
280 346 10
346 280 10
280 799 10
799 280 10
280 813 10
813 280 10
280 396 10
396 280 10
280 564 10
564 280 10
280 328 10
328 280 10
280 699 10
699 280 10
280 685 10
685 280 10
280 298 10
298 280 10
280 551 10
551 280 10
280 458 10
458 280 10
280 26 10
26 280 10
280 264 10
264 280 12
280 580 12
580 280 12
280 244 12
244 280 12
280 738 12
738 280 12
280 59 10
59 280 10
280 216 10
216 280 10
280 178 10
178 280 10
280 260 10
260 280 10
280 479 10
479 280 10
280 845 10
845 280 10
280 369 10
369 280 10
280 69 10
69 280 10
280 955 10
955 280 10
280 42 10
42 280 10
280 345 10
345 280 10
280 875 10
875 280 10
280 643 10
643 280 10
280 668 10
668 280 10
280 959 10
959 280 10
280 531 10
531 280 10
280 401 10
401 280 10
280 577 10
577 280 10
280 80 10
80 280 10
280 915 10
915 280 10
280 106 10
106 280 10
280 653 10
653 280 10
280 584 10
584 280 10
280 906 10
906 280 10
280 633 10
633 280 10
280 785 10
785 280 10
280 370 10
370 280 10
280 405 10
405 280 10
280 903 10
903 280 10
280 881 10
881 280 10
280 349 11
349 280 11
280 852 11
852 280 11
280 105 11
105 280 11
280 669 11
669 280 11
280 548 11
548 280 11
280 756 11
756 280 11
280 278 11
278 280 11
280 129 11
129 280 11
280 293 11
293 280 11
280 786 11
786 280 11
280 600 11
600 280 11
280 743 11
743 280 11
280 209 11
209 280 11
280 9 11
9 280 11
280 137 11
137 280 11
280 588 11
588 280 11
280 376 11
376 280 11
280 492 11
492 280 11
280 946 11
946 280 11
280 730 11
730 280 11
280 853 11
853 280 11
280 308 11
308 280 11
280 109 11
109 280 11
280 236 11
236 280 11
280 714 11
714 280 11
280 525 11
525 280 11
280 688 11
688 280 11
280 186 11
186 280 11
280 32 11
32 280 11
280 222 11
222 280 11
280 763 11
763 280 11
280 645 11
645 280 11
280 82 3
82 280 3
742 716 3
716 742 3
742 846 3
846 742 3
742 548 3
548 742 3
742 835 3
835 742 3
742 703 3
703 742 3
742 166 3
166 742 3
742 223 3
223 742 3
742 882 3
882 742 3
742 141 3
141 742 3
742 14 3
14 742 3
742 499 3
499 742 3
742 605 3
605 742 3
742 336 3
336 742 3
742 695 3
695 742 3
742 689 3
689 742 3
742 324 3
324 742 4
133 855 4
855 133 4
133 505 4
505 133 4
133 358 4
358 133 4
133 420 4
420 133 4
133 698 4
698 133 4
133 196 4
196 133 4
133 925 4
925 133 4
133 888 4
888 133 4
133 93 4
93 133 4
133 549 4
549 133 4
133 260 4
260 133 4
133 234 4
234 133 4
133 478 4
478 133 4
133 998 4
998 133 4
133 801 4
801 133 4
133 896 4
896 133 4
133 288 4
288 133 4
133 984 4
984 133 4
133 992 4
992 133 4
133 319 4
319 133 4
133 970 4
970 133 4
133 955 4
955 133 4
133 162 2
162 133 2
133 644 2
644 133 2
133 422 2
422 133 2
133 497 2
497 133 2
133 876 2
876 133 2
133 575 2
575 133 2
133 592 2
592 133 2
133 936 2
936 133 2
133 617 2
617 133 2
133 640 2
640 133 2
133 16 2
16 133 2
133 744 2
744 133 2
133 837 2
837 133 2
133 306 2
306 133 3
133 462 14
462 133 14
133 374 14
374 133 14
133 198 14
198 133 14
133 943 14
943 133 14
133 618 14
618 133 14
133 232 14
232 133 14
133 795 14
795 133 14
133 320 14
320 133 14
133 808 14
808 133 14
133 275 14
275 133 14
133 728 14
728 133 14
133 176 14
176 133 14
133 631 14
631 133 14
133 100 14
100 133 14
133 591 14
591 133 14
133 119 14
119 133 14
133 690 14
690 133 14
133 313 14
313 133 12
31 462 12
462 31 12
31 140 12
140 31 12
31 78 12
78 31 12
31 290 12
290 31 12
31 786 12
786 31 12
31 582 12
582 31 12
31 689 12
689 31 12
31 121 12
121 31 12
31 891 12
891 31 12
31 11 12
11 31 12
31 498 12
498 31 12
31 361 12
361 31 12
31 615 12
615 31 12
31 272 12
272 31 12
31 348 12
348 31 12
31 736 9
736 31 9
31 625 9
625 31 9
31 668 9
668 31 9
31 872 9
872 31 9
31 243 9
243 31 9
31 792 9
792 31 9
31 518 9
518 31 9
31 433 9
433 31 9
31 544 9
544 31 9
31 856 9
856 31 9
31 374 9
374 31 9
31 108 9
108 31 9
31 64 9
64 31 9
31 249 9
249 31 9
31 671 9
671 31 9
31 331 9
331 31 9
31 241 9
241 31 9
31 412 9
412 31 9
31 848 11
848 31 11
31 541 11
541 31 11
31 554 11
554 31 11
31 886 11
886 31 11
31 536 11
536 31 11
31 510 11
510 31 11
31 810 11
810 31 11
31 428 11
428 31 11
31 375 11
375 31 11
31 650 11
650 31 11
31 244 11
244 31 11
31 172 11
172 31 11
31 430 11
430 31 11
31 15 11
15 31 11
31 935 11
935 31 11
31 181 11
181 31 11
31 766 11
766 31 11
31 684 11
684 31 11
31 934 11
934 31 11
31 521 11
521 31 11
31 446 11
446 31 11
31 713 11
713 31 11
31 368 13
368 31 13
31 277 13
277 31 13
31 149 13
149 31 13
31 1 13
1 31 13
31 851 13
851 31 13
31 710 13
710 31 13
31 595 13
595 31 13
31 523 13
523 31 13
31 509 13
509 31 13
31 578 13
578 31 13
31 737 13
737 31 13
31 997 13
997 31 13
31 386 13
386 31 13
31 922 13
922 31 13
31 612 13
612 31 13
31 473 13
473 31 13
31 532 15
532 31 15
614 852 15
852 614 15
614 202 15
202 614 15
614 713 15
713 614 15
614 385 15
385 614 15
614 225 15
225 614 15
614 235 15
235 614 15
614 418 15
418 614 15
614 778 15
778 614 15
614 317 15
317 614 15
614 41 15
41 614 15
614 954 15
954 614 15
614 57 15
57 614 15
614 356 15
356 614 15
614 563 5
563 614 5
614 325 5
325 614 5
614 956 5
956 614 5
614 469 5
469 614 5
614 873 5
873 614 5
614 181 5
181 614 5
614 411 5
411 614 5
614 567 5
567 614 5
614 664 5
664 614 5
614 714 5
714 614 5
614 729 5
729 614 5
614 721 5
721 614 5
614 701 5
701 614 5
614 685 5
685 614 5
614 683 5
683 614 5
614 710 5
710 614 5
614 777 5
777 614 5
614 893 5
893 614 5
614 72 5
72 614 5
614 328 5
328 614 5
614 674 5
674 614 5
614 126 5
126 614 8
397 113 8
113 397 8
397 733 8
733 397 8
397 869 8
869 397 8
397 530 8
530 397 8
397 723 8
723 397 8
397 456 8
456 397 8
397 740 8
740 397 8
397 576 8
576 397 8
397 977 8
977 397 8
397 948 8
948 397 8
397 497 8
497 397 8
397 635 8
635 397 8
397 364 8
364 397 8
397 701 8
701 397 8
397 646 8
646 397 8
397 208 8
208 397 8
397 396 8
396 397 8
397 222 8
222 397 8
397 690 8
690 397 8
397 809 8
809 397 8
397 582 8
582 397 8
397 26 8
26 397 8
397 143 8
143 397 8
397 945 8
945 397 8
397 435 8
435 397 8
397 629 8
629 397 8
397 529 8
529 397 8
397 148 8
148 397 8
397 489 8
489 397 8
397 498 8
498 397 8
397 249 8
249 397 8
397 856 8
856 397 8
397 314 8
314 397 8
397 645 8
645 397 8
397 842 8
842 397 8
397 914 8
914 397 8
397 868 8
868 397 8
397 709 8
709 397 8
397 439 8
439 397 8
397 77 8
77 397 8
397 616 8
616 397 8
397 68 8
68 397 8
397 432 8
432 397 8
397 731 8
731 397 8
397 952 8
952 397 8
397 105 8
105 397 8
397 202 8
202 397 8
397 248 8
248 397 8
397 247 8
247 397 8
397 339 10
339 397 10
397 578 10
578 397 10
397 490 10
490 397 10
397 94 10
94 397 10
397 403 10
403 397 10
397 434 10
434 397 10
397 201 10
201 397 10
397 726 10
726 397 10
397 7 10
7 397 10
397 72 10
72 397 10
397 936 10
936 397 10
397 611 10
611 397 10
397 114 10
114 397 10
397 458 10
458 397 10
397 665 10
665 397 10
397 746 10
746 397 10
397 710 10
710 397 10
397 580 10
580 397 10
397 725 9
725 397 9
893 306 9
306 893 9
893 626 9
626 893 9
893 951 9
951 893 9
893 288 9
288 893 9
893 650 9
650 893 9
893 44 9
44 893 9
893 477 9
477 893 9
893 963 9
963 893 9
893 506 9
506 893 9
893 121 9
121 893 9
893 811 9
811 893 9
893 590 9
590 893 9
893 466 9
466 893 9
893 449 9
449 893 9
893 550 9
550 893 9
893 775 9
775 893 9
619 193 5
193 619 5
619 683 5
683 619 5
619 92 5
92 619 5
619 429 5
429 619 5
619 699 5
699 619 5
619 905 5
905 619 5
619 55 5
55 619 5
619 157 5
157 619 5
619 215 5
215 619 5
619 234 5
234 619 5
619 220 5
220 619 5
619 178 5
178 619 5
619 117 5
117 619 5
619 41 5
41 619 5
619 959 5
959 619 5
619 873 5
873 619 5
619 792 5
792 619 5
619 721 5
721 619 5
619 664 5
664 619 5
619 631 5
631 619 5
619 626 5
626 619 5
619 657 5
657 619 5
619 799 6
799 619 6
619 588 6
588 619 6
619 175 6
175 619 6
619 547 6
547 619 6
619 720 6
720 619 6
619 685 6
685 619 6
619 448 6
448 619 6
619 15 6
15 619 6
619 386 6
386 619 6
619 561 6
561 619 6
619 546 6
546 619 6
619 347 6
347 619 6
619 960 6
960 619 6
619 387 6
387 619 6
619 635 11
635 619 11
619 593 11
593 619 11
619 805 11
805 619 11
619 477 11
477 619 11
619 640 11
640 619 11
619 292 11
292 619 11
619 447 11
447 619 11
619 121 11
121 619 11
619 319 11
319 619 11
619 54 11
54 619 11
619 338 11
338 619 11
619 182 11
182 619 11
619 595 11
595 619 11
619 589 11
589 619 11
619 179 11
179 619 11
619 372 11
372 619 11
619 183 11
183 619 11
619 620 11
620 619 11
619 701 11
701 619 11
619 420 11
420 619 11
619 815 11
815 619 11
619 875 11
875 619 11
619 618 11
618 619 11
619 64 8
64 619 8
619 948 8
948 619 8
619 383 8
383 619 8
619 232 8
232 619 8
619 486 8
486 619 8
619 150 8
150 619 8
619 236 8
236 619 13
619 597 13
597 619 13
619 370 13
370 619 13
619 404 13
404 619 13
619 715 13
715 619 13
619 302 13
302 619 13
619 205 13
205 619 13
619 434 13
434 619 13
619 999 13
999 619 13
619 928 13
928 619 13
619 233 13
233 619 13
619 930 13
930 619 13
619 36 7
36 619 7
619 31 7
31 619 7
619 428 7
428 619 7
619 579 7
579 619 7
619 509 7
509 619 7
619 223 7
223 619 7
619 742 7
742 619 7
619 57 7
57 619 13
619 652 13
652 619 13
619 724 13
724 619 13
619 9 13
9 619 13
619 539 13
539 619 13
619 307 13
307 619 13
619 817 13
817 619 13
619 438 13
438 619 13
619 204 13
204 619 13
619 132 13
132 619 13
619 247 13
247 619 13
619 544 13
544 619 13
619 59 13
59 619 1
575 136 1
136 575 1
575 371 1
371 575 1
575 257 1
257 575 1
575 805 1
805 575 1
575 25 1
25 575 1
575 931 1
931 575 1
575 532 1
532 575 1
575 839 1
839 575 1
575 864 1
864 575 1
575 618 1
618 575 1
575 179 4
179 575 4
575 332 4
332 575 4
575 429 4
429 575 4
575 481 4
481 575 4
575 501 4
501 575 4
575 500 4
500 575 4
575 491 4
491 575 4
575 486 4
486 575 4
575 499 4
499 575 4
575 542 4
542 575 4
575 624 4
624 575 4
575 756 4
756 575 4
575 956 4
956 575 4
575 901 9
901 575 9
575 126 9
126 575 9
575 89 9
89 575 9
575 789 9
789 575 9
575 226 9
226 575 9
575 403 9
403 575 9
575 325 9
325 575 9
575 995 9
995 575 9
575 409 9
409 575 9
575 580 9
580 575 9
575 495 9
495 575 9
575 168 9
168 575 9
575 604 9
604 575 9
575 792 9
792 575 9
575 744 9
744 575 9
575 458 9
458 575 9
575 946 9
946 575 9
575 198 9
198 575 9
575 223 9
223 575 9
575 23 9
23 575 9
575 603 9
603 575 9
575 531 2
531 575 2
191 533 2
533 191 2
191 883 2
883 191 2
191 251 2
251 191 2
191 646 2
646 191 2
191 76 2
76 191 2
191 553 2
553 191 2
191 83 2
83 191 2
191 678 2
678 191 2
191 344 2
344 191 2
191 93 2
93 191 2
191 933 2
933 191 2
191 873 2
873 191 2
191 925 2
925 191 2
191 98 2
98 191 2
191 398 2
398 191 2
191 835 2
835 191 2
191 425 2
425 191 2
191 171 2
171 191 2
191 84 2
84 191 2
191 177 2
177 191 2
191 455 2
455 191 2
191 928 2
928 191 2
191 360 13
360 191 13
191 776 13
776 191 13
191 613 13
613 191 13
191 878 13
878 191 13
191 590 13
590 191 13
191 758 13
758 191 13
191 401 13
401 191 13
191 527 13
527 191 13
191 155 13
155 191 13
191 296 13
296 191 13
191 965 13
965 191 13
191 175 13
175 191 13
191 941 13
941 191 13
191 277 13
277 191 13
191 199 13
199 191 13
191 715 13
715 191 13
191 845 13
845 191 13
191 606 13
606 191 13
191 7 13
7 191 13
191 63 13
63 191 13
191 792 13
792 191 13
191 211 13
211 191 13
191 324 13
324 191 13
191 151 13
151 191 13
191 710 13
710 191 14
191 565 14
565 191 14
191 59 14
59 191 14
191 771 14
771 191 14
191 702 14
702 191 14
191 861 14
861 191 14
191 259 14
259 191 14
191 892 14
892 191 14
191 774 14
774 191 14
191 916 14
916 191 14
191 322 14
322 191 14
191 995 14
995 191 14
191 948 14
948 191 14
191 186 14
186 191 5
191 551 5
551 191 5
191 342 5
342 191 5
191 384 5
384 191 5
191 690 5
690 191 5
191 289 5
289 191 5
191 180 5
180 191 5
191 383 5
383 191 5
191 905 5
905 191 5
191 767 5
767 191 5
191 988 5
988 191 5
191 570 5
570 191 5
191 532 5
532 191 5
191 891 5
891 191 5
191 658 5
658 191 5
191 848 5
848 191 5
191 479 5
479 191 5
191 559 5
559 191 5
191 109 5
109 191 5
191 564 7
564 191 7
191 522 7
522 191 7
191 429 7
429 191 7
191 280 7
280 191 7
191 90 7
90 191 7
191 867 7
867 191 7
191 628 7
628 191 7
191 375 7
375 191 7
191 121 7
121 191 7
191 871 7
871 191 7
191 644 7
644 191 7
191 445 7
445 191 7
191 283 7
283 191 7
191 167 7
167 191 7
191 113 7
113 191 7
191 126 7
126 191 7
191 345 1
345 191 1
191 904 1
904 191 1
191 414 1
414 191 1
191 869 1
869 191 1
191 301 1
301 191 1
191 698 1
698 191 1
191 80 1
80 191 1
191 465 1
465 191 1
191 840 1
840 191 1
191 243 1
243 191 1
191 664 1
664 191 1
191 120 1
120 191 1
191 621 1
621 191 1
191 179 1
179 191 1
191 796 3
796 191 3
191 119 3
119 191 3
191 540 3
540 191 3
191 575 3
575 191 3
191 231 3
231 191 3
191 517 3
517 191 3
191 461 3
461 191 3
191 54 3
54 191 3
191 335 3
335 191 3
191 294 3
294 191 3
191 951 3
951 191 3
191 317 3
317 191 3
191 409 3
409 191 3
191 233 3
233 191 3
191 805 3
805 191 3
191 142 3
142 191 3
191 256 3
256 191 3
191 152 3
152 191 3
191 821 6
821 191 6
191 849 6
849 191 6
191 793 6
793 191 6
191 679 6
679 191 6
191 518 6
518 191 6
191 343 6
343 191 6
191 158 6
158 191 6
191 998 6
998 191 6
191 879 6
879 191 6
191 817 6
817 191 6
191 843 6
843 191 6
191 979 6
979 191 6
191 237 6
237 191 6
191 638 6
638 191 6
191 214 6
214 191 6
191 974 6
974 191 6
191 949 6
949 191 6
191 154 6
154 191 6
191 618 6
618 191 6
191 365 6
365 191 6
191 405 6
405 191 6
191 755 6
755 191 6
191 471 6
471 191 6
191 541 6
541 191 11
191 462 11
462 191 11
191 279 11
279 191 11
191 258 11
258 191 11
191 417 11
417 191 11
191 757 11
757 191 11
191 330 11
330 191 11
191 122 11
122 191 11
191 173 11
173 191 11
191 496 11
496 191 11
191 95 11
95 191 11
191 15 11
15 191 11
191 263 11
263 191 11
191 842 11
842 191 11
191 797 11
797 191 11
191 135 11
135 191 11
191 880 11
880 191 11
191 38 11
38 191 11
191 652 11
652 191 11
191 719 11
719 191 11
191 274 11
274 191 11
191 331 11
331 191 11
191 901 11
901 191 11
191 16 11
16 191 5
191 900 5
900 191 5
191 694 5
694 191 5
191 475 5
475 191 5
191 234 5
234 191 5
191 993 5
993 191 5
191 760 5
760 191 5
191 562 5
562 191 5
191 391 5
391 191 5
191 257 5
257 191 5
191 183 5
183 191 5
191 169 5
169 191 5
191 241 5
241 191 5
191 403 5
403 191 5
191 653 5
653 191 5
191 18 5
18 191 5
191 512 5
512 191 5
191 132 5
132 191 5
191 909 5
909 191 5
191 829 5
829 191 5
191 936 5
936 191 5
191 218 5
218 191 5
191 687 5
687 191 5
191 35 8
35 191 8
191 266 8
266 191 8
191 319 8
319 191 8
191 210 8
210 191 8
191 960 8
960 191 8
191 582 8
582 191 8
191 64 8
64 191 8
191 457 8
457 191 8
191 727 8
727 191 8
191 915 8
915 191 8
191 21 8
21 191 15
191 145 13
145 191 13
191 865 13
865 191 13
191 782 13
782 191 13
191 927 13
927 191 13
191 329 13
329 191 13
191 997 13
997 191 13
191 990 13
990 191 13
191 349 13
349 191 13
191 55 13
55 191 13
191 202 13
202 191 13
191 769 13
769 191 13
191 826 13
826 191 13
191 416 5
416 191 5
191 304 5
304 191 5
191 571 5
571 191 5
191 545 5
545 191 5
191 242 5
242 191 5
191 666 5
666 191 5
191 834 5
834 191 5
191 777 5
777 191 5
191 504 5
504 191 5
191 10 5
10 191 5
191 339 5
339 191 5
191 768 15
768 191 15
191 130 15
130 191 15
191 72 15
72 191 15
191 441 5
441 191 5
191 795 5
795 191 5
191 370 5
370 191 5
191 124 5
124 191 5
191 128 5
128 191 5
191 404 5
404 191 5
191 939 5
939 191 5
191 787 5
787 191 5
191 110 1
110 191 1
191 711 1
711 191 1
191 778 1
778 191 1
191 0 1
0 191 1
191 411 1
411 191 1
191 13 1
13 191 1
191 884 1
884 191 1
191 46 1
46 191 1
191 547 1
547 191 1
191 415 1
415 191 1
191 662 1
662 191 1
191 631 7
631 191 7
191 623 7
623 191 7
191 382 7
382 191 7
191 255 11
255 191 11
191 543 11
543 191 11
191 206 11
206 191 11
191 250 11
250 191 11
191 677 11
677 191 11
191 519 11
519 191 11
191 751 11
751 191 11
191 440 11
440 191 11
191 531 11
531 191 11
191 62 11
62 191 11
191 51 11
51 191 11
191 509 11
509 191 12
191 103 12
103 191 12
191 717 12
717 191 12
191 332 12
332 191 12
191 956 12
956 191 12
191 663 12
663 191 12
191 491 12
491 191 12
191 473 12
473 191 12
191 641 12
641 191 12
191 53 12
53 191 12
191 750 12
750 191 12
191 783 9
783 191 13
191 309 13
309 191 13
191 674 13
674 191 13
191 685 13
685 191 13
191 377 13
377 191 13
191 754 13
754 191 13
191 902 13
902 191 13
191 819 13
819 191 13
191 569 13
569 191 13
191 163 13
163 191 13
191 649 13
649 191 13
191 71 13
71 191 10
191 761 11
761 191 11
191 815 11
815 191 11
191 176 11
176 191 11
191 836 11
836 191 11
191 830 11
830 191 11
191 178 11
178 191 11
191 864 11
864 191 11
191 935 11
935 191 11
191 14 4
14 191 4
191 968 4
968 191 4
191 22 4
22 191 4
191 221 4
221 191 4
191 587 4
587 191 4
191 187 4
187 191 4
191 27 4
27 191 4
191 185 4
185 191 4
191 656 4
656 191 4
191 526 4
526 191 4
191 807 4
807 191 4
191 558 4
558 191 13
191 918 13
918 191 13
191 458 13
458 191 13
191 914 13
914 191 13
191 346 13
346 191 13
191 734 13
734 191 13
191 193 13
193 191 13
191 680 13
680 191 13
191 292 13
292 191 7
191 788 3
788 191 3
191 625 3
625 191 3
191 486 3
486 191 3
191 393 3
393 191 3
191 380 3
380 191 3
191 485 3
485 191 3
191 738 3
738 191 3
191 213 3
213 191 3
191 894 3
894 191 3
191 846 3
846 191 3
191 101 3
101 191 3
191 696 3
696 191 3
191 686 7
686 191 7
781 766 7
766 781 7
781 538 7
538 781 7
781 41 7
41 781 7
781 278 7
278 781 7
781 256 7
256 781 7
781 981 7
981 781 7
781 456 7
456 781 7
781 687 7
687 781 7
781 680 7
680 781 7
781 441 7
441 781 7
781 975 7
975 781 7
781 286 10
286 781 10
781 937 10
937 781 10
781 100 10
100 781 10
781 127 10
127 781 10
781 29 10
29 781 10
781 819 10
819 781 10
781 509 10
509 781 10
781 111 10
111 781 10
781 634 10
634 781 10
781 95 10
95 781 10
781 503 10
503 781 10
781 871 10
871 781 10
781 211 10
211 781 1
969 44 15
44 969 15
969 808 15
808 969 15
969 268 15
268 969 15
969 427 15
427 969 15
969 291 15
291 969 15
969 864 15
864 969 15
969 153 15
153 969 15
969 163 15
163 969 15
969 897 15
897 969 15
969 364 15
364 969 15
969 565 15
565 969 15
969 508 15
508 969 15
969 186 13
186 969 13
969 997 13
997 969 13
969 313 13
313 969 13
969 147 9
147 969 9
969 813 9
813 969 9
969 694 9
694 969 9
969 798 9
798 969 9
969 139 9
139 969 9
969 725 9
725 969 9
969 567 9
567 969 9
969 670 9
670 969 9
969 51 9
51 969 9
969 715 9
715 969 9
969 674 9
674 969 15
969 82 8
82 969 8
969 143 8
143 969 8
969 797 8
797 969 8
969 59 8
59 969 8
969 936 8
936 969 8
969 442 8
442 969 8
969 585 8
585 969 8
969 381 8
381 969 8
969 837 8
837 969 8
969 965 8
965 969 8
969 777 8
777 969 8
969 290 8
290 969 8
969 706 3
706 969 3
969 846 3
846 969 3
969 859 3
859 969 3
969 748 3
748 969 3
969 522 3
522 969 3
969 185 3
185 969 3
969 727 3
727 969 3
969 167 3
167 969 3
969 921 14
921 969 14
969 485 14
485 969 14
969 159 14
159 969 14
969 76 14
76 969 14
969 251 14
251 969 14
969 680 14
680 969 14
969 491 13
491 969 13
969 587 13
587 969 13
969 964 13
964 969 13
969 803 12
803 969 12
969 492 12
492 969 12
969 457 12
457 969 12
861 669 12
669 861 12
861 616 7
616 861 9
861 409 7
409 861 7
861 565 7
565 861 7
861 440 7
440 861 7
861 47 7
47 861 7
861 393 7
393 861 7
861 496 7
496 861 7
861 359 7
359 861 7
861 3 7
3 861 7
861 432 7
432 861 7
861 663 7
663 861 7
861 630 2
630 861 2
861 844 2
844 861 2
861 907 2
907 861 2
861 820 2
820 861 2
861 592 2
592 861 2
861 229 2
229 861 2
861 741 2
741 861 2
861 122 2
122 861 2
861 385 2
385 861 2
861 540 2
540 861 2
861 586 2
586 861 1
861 360 9
360 861 9
861 82 9
82 861 9
861 192 9
192 861 9
861 700 9
700 861 9
861 596 9
596 861 9
861 892 9
892 861 9
861 578 9
578 861 9
861 672 9
672 861 9
861 155 9
155 861 9
861 45 9
45 861 9
861 333 9
333 861 10
861 731 5
731 861 5
861 539 5
539 861 5
861 467 5
467 861 5
861 512 5
512 861 5
861 662 6
662 861 6
861 80 6
80 861 6
861 575 6
575 861 6
861 158 6
158 861 6
861 845 6
845 861 6
861 640 6
640 861 6
861 556 6
556 861 6
861 621 6
621 861 6
861 835 6
835 861 6
861 209 6
209 861 6
861 772 6
772 861 6
861 511 2
511 861 2
861 254 13
254 861 13
597 505 13
505 597 13
597 273 13
273 597 13
597 925 13
925 597 13
597 463 13
463 597 13
597 898 13
898 597 13
597 231 13
231 597 13
597 472 13
472 597 13
597 626 13
626 597 13
884 23 12
23 884 12
884 851 12
851 884 12
884 849 12
849 884 12
884 27 12
27 884 12
884 386 12
386 884 12
884 936 12
936 884 12
884 681 12
681 884 12
884 630 12
630 884 12
884 791 12
791 884 12
884 170 12
170 884 12
884 769 12
769 884 12
884 599 12
599 884 12
884 910 2
910 884 2
884 408 2
408 884 2
884 106 2
106 884 2
884 5 2
5 884 2
884 116 2
116 884 3
327 84 10
84 327 10
464 228 10
228 464 10
464 84 10
84 464 10
464 38 10
38 464 10
464 98 10
98 464 10
464 268 10
268 464 10
464 554 10
554 464 10
464 961 10
961 464 10
464 502 10
502 464 10
464 177 10
177 464 10
464 540 8
540 464 8
692 767 8
767 692 8
528 47 9
47 528 9
528 760 9
760 528 9
528 672 9
672 528 9
528 792 9
792 528 9
528 124 9
124 528 9
528 676 9
676 528 9
528 454 9
454 528 9
528 467 9
467 528 9
528 721 9
721 528 9
528 951 12
951 528 12
528 504 12
504 528 12
528 689 12
689 528 12
528 505 12
505 528 12
528 963 12
963 528 12
528 62 12
62 528 12
528 811 12
811 528 12
528 211 12
211 528 12
528 271 12
271 528 12
528 317 14
317 528 14
528 151 14
151 528 14
528 730 1
730 528 1
960 253 1
253 960 1
960 508 1
508 960 1
960 552 1
552 960 1
960 392 1
392 960 1
960 40 1
40 960 1
960 503 1
503 960 1
960 789 1
789 960 1
960 905 1
905 960 1
960 862 1
862 960 1
960 669 1
669 960 1
628 237 15
237 628 15
628 499 15
499 628 15
628 804 15
804 628 15
628 159 15
159 628 15
628 578 15
578 628 15
628 65 15
65 628 15
628 635 15
635 628 15
628 345 5
345 628 5
628 186 5
186 628 12
628 885 12
885 628 12
628 189 12
189 628 12
628 608 12
608 628 12
628 139 12
139 628 12
628 789 12
789 628 12
628 551 12
551 628 12
628 430 12
430 628 12
628 424 12
424 628 12
628 535 12
535 628 12
628 763 4
763 628 4
628 965 2
965 628 2
628 4 2
4 628 2
628 827 2
827 628 2
628 433 2
433 628 2
628 834 2
834 628 2
628 29 2
29 628 2
628 30 2
30 628 2
628 840 2
840 628 2
628 461 2
461 628 2
628 905 2
905 628 2
628 172 2
172 628 14
48 738 14
738 48 14
48 67 4
67 48 4
48 576 4
576 48 4
48 216 4
216 48 4
48 989 4
989 48 4
48 906 4
906 48 4
48 972 4
972 48 4
48 196 4
196 48 4
48 579 4
579 48 4
48 133 4
133 48 4
48 858 4
858 48 4
48 768 14
768 48 1
452 294 3
294 452 3
452 797 3
797 452 3
452 695 3
695 452 3
452 997 3
997 452 3
452 710 3
710 452 10
452 936 10
936 452 10
452 182 10
182 452 10
452 87 10
87 452 10
452 659 10
659 452 10
452 912 10
912 452 10
452 855 10
855 452 13
452 478 12
478 452 12
452 785 12
785 452 12
452 188 12
188 452 12
452 688 12
688 452 12
452 299 12
299 452 12
452 22 12
22 452 12
452 338 12
338 452 12
452 205 12
205 452 12
452 301 12
301 452 12
452 629 12
629 452 12
452 203 12
203 452 12
452 26 12
26 452 12
452 104 12
104 452 12
452 445 12
445 452 12
452 56 12
56 452 12
452 944 12
944 452 12
452 611 9
611 452 9
452 683 9
683 452 9
452 956 9
956 452 9
452 677 9
677 452 9
452 857 9
857 452 9
452 496 9
496 452 9
452 596 9
596 452 9
452 170 9
170 452 9
452 219 9
219 452 9
452 742 9
742 452 9
452 749 9
749 452 9
452 244 9
244 452 7
845 724 1
724 845 1
845 319 1
319 845 1
845 302 1
302 845 1
845 681 1
681 845 1
845 464 1
464 845 1
845 656 1
656 845 1
845 265 1
265 845 1
845 303 1
303 845 1
845 772 1
772 845 1
845 679 1
679 845 1
845 35 1
35 845 1
845 847 1
847 845 1
845 139 1
139 845 1
845 495 1
495 845 1
845 59 1
59 845 1
845 837 1
837 845 1
845 832 1
832 845 1
845 50 1
50 845 1
845 492 1
492 845 1
845 163 1
163 845 1
845 68 1
68 845 1
845 208 1
208 845 1
845 587 1
587 845 1
845 213 1
213 845 1
845 630 12
630 845 12
845 542 12
542 845 12
845 924 12
924 845 12
845 383 12
383 845 12
845 926 12
926 845 12
845 552 12
552 845 12
845 270 12
270 845 12
845 82 12
82 845 12
845 989 12
989 845 12
845 996 12
996 845 12
845 107 12
107 845 12
845 327 12
327 845 12
845 448 15
448 845 15
845 691 15
691 845 15
845 999 15
999 845 15
845 385 15
385 845 15
845 846 15
846 845 15
845 400 15
400 845 15
845 42 15
42 845 15
845 787 15
787 845 15
845 640 15
640 845 15
845 605 15
605 845 15
845 694 15
694 845 15
845 906 15
906 845 2
845 190 2
190 845 2
845 682 2
682 845 2
845 108 2
108 845 2
845 469 2
469 845 2
845 863 12
863 845 12
845 928 12
928 845 12
845 593 12
593 845 12
845 886 12
886 845 12
845 806 12
806 845 12
845 381 12
381 845 12
845 155 12
155 845 12
845 966 12
966 845 12
845 473 12
473 845 12
845 690 12
690 845 12
845 626 12
626 845 12
845 299 12
299 845 12
845 718 12
718 845 12
845 893 12
893 845 12
845 831 12
831 845 12
845 557 12
557 845 12
845 81 6
81 845 6
845 994 6
994 845 6
845 678 6
678 845 6
845 111 6
111 845 6
845 276 6
276 845 6
845 195 6
195 845 6
845 865 6
865 845 6
845 294 6
294 845 6
845 488 6
488 845 6
845 454 6
454 845 6
845 201 6
201 845 6
845 728 6
728 845 6
845 41 6
41 845 6
845 152 6
152 845 6
845 63 6
63 845 6
845 777 6
777 845 11
845 763 11
763 845 14
773 723 14
723 773 14
773 888 14
888 773 14
773 346 14
346 773 14
773 115 14
115 773 14
773 206 14
206 773 14
773 631 14
631 773 14
773 7 8
7 773 6
773 104 6
104 773 6
773 812 6
812 773 6
773 371 6
371 773 6
773 785 6
785 773 6
773 56 6
56 773 6
773 189 6
189 773 6
773 184 15
184 773 15
773 59 15
59 773 15
773 232 15
232 773 15
773 776 15
776 773 15
773 697 15
697 773 15
773 999 15
999 773 15
773 678 15
678 773 15
773 741 15
741 773 15
773 185 15
185 773 15
773 10 15
10 773 15
773 223 15
223 773 15
773 817 15
817 773 15
773 797 15
797 773 15
773 165 15
165 773 15
773 923 15
923 773 15
773 71 15
71 773 15
773 605 9
605 773 9
773 256 9
256 773 9
773 653 9
653 773 9
773 438 9
438 773 9
773 594 9
594 773 9
773 149 9
149 773 9
773 96 9
96 773 9
773 449 9
449 773 9
773 214 9
214 773 9
773 395 9
395 773 9
773 998 9
998 773 9
773 42 9
42 773 9
773 528 9
528 773 9
773 465 9
465 773 9
773 856 9
856 773 9
773 710 9
710 773 9
773 40 9
40 773 9
773 261 12
261 773 12
773 994 12
994 773 12
773 513 12
513 773 12
773 820 12
820 773 12
773 926 12
926 773 12
773 854 12
854 773 12
773 613 12
613 773 7
366 312 7
312 366 7
366 618 7
618 366 7
366 287 7
287 366 7
366 332 7
332 366 7
366 756 7
756 366 7
366 858 15
858 366 15
366 281 15
281 366 15
366 620 15
620 366 15
366 872 15
872 366 15
366 44 15
44 366 15
366 145 15
145 366 15
366 180 15
180 366 15
366 154 15
154 366 15
366 792 10
792 366 10
366 894 10
894 366 10
366 232 10
232 366 10
366 819 10
819 366 10
366 664 10
664 366 10
366 776 10
776 366 10
366 167 10
167 366 10
366 846 10
846 366 10
366 822 10
822 366 10
366 105 10
105 366 10
366 707 10
707 366 10
366 638 6
638 366 6
366 799 15
799 366 15
169 823 15
823 169 15
169 353 15
353 169 15
169 17 15
17 169 15
169 818 15
818 169 15
169 755 15
755 169 15
169 831 15
831 169 15
169 42 15
42 169 15
169 392 15
392 169 15
169 879 15
879 169 15
169 504 15
504 169 15
596 610 12
610 596 12
596 476 11
476 596 11
596 401 11
401 596 11
596 388 11
388 596 11
596 447 11
447 596 11
596 586 11
586 596 11
596 814 11
814 596 11
596 557 14
557 596 2
346 416 2
416 346 2
346 186 2
186 346 2
346 568 2
568 346 2
346 562 2
562 346 2
346 177 2
177 346 2
346 429 2
429 346 2
244 302 5
302 244 5
244 890 5
890 244 5
244 221 5
221 244 5
244 303 5
303 244 5
244 125 5
125 244 5
244 703 5
703 244 5
244 351 6
351 244 6
244 151 6
151 244 6
244 130 6
130 244 6
244 293 6
293 244 6
244 640 6
640 244 6
244 178 6
178 244 6
244 920 6
920 244 6
244 868 14
868 244 14
244 310 14
310 244 14
244 327 14
327 244 14
244 833 14
833 244 14
244 847 14
847 244 14
244 378 14
378 244 14
244 420 14
420 244 14
244 982 14
982 244 14
244 82 14
82 244 14
244 728 14
728 244 14
244 919 14
919 244 12
244 662 12
662 244 13
244 688 13
688 244 13
244 923 13
923 244 13
244 730 13
730 244 13
244 122 13
122 244 13
244 119 13
119 244 13
244 736 13
736 244 13
244 970 14
970 244 14
244 217 14
217 244 14
244 472 14
472 244 1
995 520 1
520 995 1
995 291 1
291 995 1
995 833 1
833 995 1
995 156 1
156 995 1
995 295 5
295 995 5
995 319 5
319 995 5
995 308 5
308 995 5
995 264 5
264 995 5
995 194 5
194 995 5
995 97 5
97 995 5
995 979 5
979 995 5
995 841 5
841 995 5
995 687 5
687 995 5
995 519 5
519 995 5
995 343 5
343 995 5
995 152 5
152 995 5
995 962 5
962 995 5
995 770 5
770 995 5
995 582 5
582 995 5
995 885 1
885 995 1
995 456 1
456 995 1
995 325 1
325 995 1
995 488 1
488 995 1
995 949 1
949 995 1
995 712 1
712 995 1
995 774 1
774 995 1
995 816 5
816 995 5
164 840 5
840 164 5
164 23 5
23 164 5
164 451 5
451 164 5
545 651 6
651 545 6
545 917 6
917 545 1
90 286 1
286 90 1
90 947 5
947 90 5
90 340 5
340 90 5
90 150 5
150 90 5
90 388 5
388 90 5
90 49 5
49 90 5
90 147 5
147 90 15
90 374 15
374 90 15
90 290 15
290 90 15
90 671 15
671 90 15
90 526 15
526 90 15
90 857 15
857 90 15
90 680 15
680 90 15
90 994 15
994 90 15
90 813 15
813 90 14
528 386 14
386 528 14
528 448 14
448 528 14
528 105 14
105 528 14
528 362 14
362 528 14
528 235 14
235 528 14
528 734 14
734 528 14
528 909 10
909 528 10
528 405 10
405 528 10
528 395 10
395 528 10
528 887 10
887 528 10
528 884 10
884 528 10
528 396 10
396 528 10
528 433 10
433 528 10
528 2 10
2 528 10
528 441 12
441 528 12
528 67 12
67 528 12
528 358 12
358 528 12
528 337 12
337 528 12
528 17 12
17 528 12
528 409 12
409 528 12
528 531 12
531 528 12
528 385 12
385 528 12
528 7 6
7 528 6
537 997 13
997 537 13
537 746 13
746 537 13
537 57 13
57 537 13
537 936 13
936 537 13
537 387 13
387 537 13
537 416 13
416 537 13
537 27 13
27 537 13
537 224 13
224 537 13
537 419 5
419 537 5
537 38 5
38 537 3
537 724 3
724 537 3
537 150 3
150 537 3
537 828 2
828 537 2
537 117 2
117 537 2
537 981 2
981 537 2
537 434 2
434 537 2
537 478 2
478 537 2
537 121 2
121 537 2
537 372 2
372 537 2
537 243 2
243 537 2
537 737 2
737 537 2
537 863 2
863 537 2
537 631 2
631 537 2
537 521 9
521 537 9
537 760 9
760 537 9
537 309 9
309 537 9
537 179 9
179 537 9
537 374 9
374 537 9
537 902 9
902 537 9
537 772 9
772 537 9
537 986 9
986 537 9
537 883 10
883 537 10
537 265 10
265 537 10
537 462 10
462 537 10
537 780 10
780 537 10
537 233 10
233 537 10
537 837 10
837 537 10
537 602 10
602 537 10
537 544 10
544 537 10
537 669 10
669 537 10
537 0 10
0 537 10
537 545 10
545 537 10
537 314 10
314 537 10
537 326 10
326 537 10
537 593 10
593 537 10
537 126 10
126 537 10
537 941 10
941 537 10
537 51 12
51 537 12
537 281 12
281 537 12
537 822 12
822 537 12
537 907 12
907 537 12
537 535 12
535 537 12
537 707 12
707 537 12
537 431 12
431 537 12
537 700 12
700 537 12
537 524 12
524 537 12
156 430 12
430 156 12
156 649 12
649 156 12
156 451 12
451 156 12
156 844 12
844 156 12
156 841 12
841 156 12
456 432 12
432 456 12
456 682 7
682 456 7
456 510 7
510 456 7
456 501 4
501 456 4
456 530 4
530 456 4
456 624 4
624 456 4
456 790 4
790 456 4
456 26 7
26 456 1
456 861 1
861 456 1
456 708 1
708 456 1
456 798 1
798 456 1
456 124 1
124 456 1
456 692 1
692 456 1
456 500 1
500 456 1
456 242 11
242 456 11
520 818 11
818 520 11
520 606 11
606 520 11
520 577 11
577 520 11
520 736 11
736 520 11
520 85 11
85 520 11
520 867 2
867 520 2
520 524 2
524 520 2
520 773 2
773 520 2
520 794 8
794 520 8
520 275 8
275 520 8
520 394 8
394 520 8
520 871 8
871 520 8
520 335 8
335 520 8
520 845 8
845 520 8
520 403 8
403 520 8
520 24 8
24 520 8
520 711 8
711 520 8
520 479 8
479 520 8
520 550 4
550 520 4
520 412 4
412 520 4
520 694 4
694 520 4
520 408 4
408 520 4
520 571 4
571 520 4
520 191 4
191 520 4
520 288 3
288 520 3
520 980 3
980 520 3
520 430 3
430 520 3
520 646 3
646 520 3
520 627 3
627 520 3
520 372 3
372 520 3
520 899 3
899 520 3
520 187 3
187 520 3
520 257 3
257 520 3
520 107 3
107 520 3
520 738 3
738 520 3
520 146 3
146 520 3
520 343 3
343 520 3
520 327 3
327 520 3
520 103 3
103 520 3
520 674 3
674 520 3
520 36 3
36 520 3
520 197 3
197 520 3
520 158 3
158 520 3
520 925 3
925 520 3
520 494 3
494 520 3
520 873 3
873 520 3
520 950 4
950 520 4
363 231 4
231 363 4
363 3 4
3 363 4
363 40 4
40 363 4
363 351 4
351 363 4
363 949 4
949 363 4
363 850 4
850 363 11
920 15 11
15 920 11
920 932 11
932 920 11
920 834 11
834 920 11
920 732 11
732 920 11
920 635 11
635 920 11
920 553 11
553 920 11
920 494 11
494 920 11
920 467 11
467 920 11
920 482 11
482 920 11
920 548 11
548 920 11
920 674 11
674 920 11
920 870 11
870 920 11
920 142 11
142 920 11
920 503 11
503 920 11
920 965 11
965 920 11
118 363 9
363 118 9
118 850 9
850 118 9
118 580 9
580 118 9
118 555 9
555 118 9
118 777 9
777 118 9
118 243 9
243 118 9
118 958 9
958 118 9
118 919 9
919 118 9
118 129 9
129 118 9
118 588 9
588 118 9
118 297 9
297 118 9
118 257 9
257 118 9
118 468 9
468 118 9
118 932 6
932 118 6
118 175 6
175 118 6
118 438 6
438 118 6
118 29 6
29 118 6
118 963 6
963 118 6
118 250 6
250 118 6
118 904 6
904 118 6
118 943 6
943 118 6
118 377 6
377 118 6
118 217 6
217 118 6
118 483 6
483 118 6
118 181 6
181 118 6
118 332 6
332 118 6
118 942 6
942 118 6
118 33 6
33 118 6
118 615 6
615 118 6
118 699 6
699 118 6
118 304 6
304 118 6
118 441 6
441 118 6
118 122 6
122 118 6
118 370 6
370 118 9
118 548 9
548 118 9
118 935 9
935 118 9
118 231 9
231 118 9
118 447 9
447 118 9
118 590 9
590 118 9
118 672 9
672 118 9
118 711 9
711 118 9
118 716 9
716 118 9
118 698 9
698 118 9
118 673 9
673 118 9
118 652 9
652 118 9
118 648 9
648 118 9
118 676 9
676 118 9
118 746 9
746 118 9
118 865 9
865 118 9
118 155 4
155 118 4
118 944 4
944 118 4
118 358 4
358 118 4
118 418 4
418 118 4
118 127 4
127 118 4
118 497 4
497 118 4
118 530 4
530 118 4
118 239 4
239 118 4
118 634 4
634 118 4
118 725 4
725 118 4
118 506 4
506 118 4
118 4 4
4 118 4
118 215 4
215 118 4
118 158 4
158 118 4
118 837 4
837 118 4
118 260 4
260 118 4
118 432 4
432 118 4
118 371 4
371 118 4
118 77 4
77 118 4
118 568 4
568 118 4
118 845 4
845 118 4
118 918 2
918 118 2
118 819 2
819 118 2
118 327 2
327 118 2
118 361 2
361 118 2
118 936 2
936 118 2
118 61 2
61 118 2
118 328 15
328 118 15
118 428 15
428 118 15
118 120 15
120 118 15
118 430 15
430 118 15
118 360 15
360 118 15
118 933 15
933 118 15
118 162 15
162 118 15
118 63 15
63 118 15
118 654 15
654 118 15
118 945 15
945 118 15
118 952 15
952 118 15
118 692 15
692 118 15
118 179 5
179 118 5
118 481 5
481 118 5
118 557 5
557 118 5
118 995 5
995 118 5
118 801 5
801 118 5
118 988 5
988 118 5
118 558 5
558 118 5
118 521 5
521 118 5
118 883 5
883 118 5
118 661 5
661 118 5
118 851 5
851 118 5
118 469 5
469 118 5
118 519 5
519 118 5
118 14 5
14 118 5
118 957 5
957 118 5
118 350 5
350 118 5
118 219 5
219 118 5
118 563 5
563 118 5
118 385 5
385 118 5
118 704 5
704 118 5
118 513 5
513 118 5
118 833 5
833 118 5
794 603 5
603 794 5
794 118 5
118 794 5
794 430 5
430 794 5
794 547 5
547 794 5
794 471 5
471 794 5
794 211 5
211 794 5
794 772 5
772 794 5
794 155 5
155 794 5
794 370 5
370 794 5
794 422 5
422 794 5
794 316 5
316 794 5
794 58 5
58 794 5
794 657 5
657 794 5
794 107 5
107 794 5
794 427 5
427 794 5
794 618 5
618 794 5
794 684 5
684 794 5
794 630 5
630 794 5
794 461 5
461 794 5
794 188 5
188 794 5
794 819 5
819 794 5
794 345 5
345 794 5
794 792 2
792 794 2
794 975 2
975 794 2
794 829 2
829 794 2
794 74 2
74 794 2
794 739 2
739 794 2
794 830 2
830 794 2
794 352 2
352 794 2
794 333 2
333 794 2
794 786 2
786 794 2
794 716 2
716 794 2
794 16 12
16 794 12
794 659 12
659 794 12
794 198 12
198 794 12
794 645 12
645 794 12
794 2 12
2 794 12
794 276 12
276 794 12
794 477 12
477 794 12
794 602 12
602 794 12
794 670 12
670 794 12
794 675 12
675 794 12
794 624 12
624 794 12
794 529 12
529 794 12
794 394 12
394 794 12
794 228 12
228 794 12
794 34 12
34 794 12
794 823 12
823 794 12
794 153 2
153 794 2
794 573 2
573 794 2
794 126 2
126 794 2
794 822 2
822 794 2
794 654 2
654 794 2
794 641 2
641 794 2
794 791 2
791 794 2
794 99 2
99 794 2
794 583 2
583 794 2
794 251 2
251 794 2
794 103 2
103 794 2
794 150 2
150 794 2
794 396 2
396 794 2
794 859 2
859 794 2
794 518 2
518 794 2
794 410 2
410 794 2
794 532 2
532 794 2
794 895 2
895 794 2
794 488 2
488 794 2
794 337 2
337 794 2
794 448 2
448 794 2
794 833 2
833 794 2
794 835 4
835 794 4
208 361 4
361 208 4
208 948 4
948 208 4
208 565 4
565 208 4
208 220 4
220 208 4
208 919 4
919 208 4
208 668 4
668 208 4
208 472 4
472 208 4
208 338 4
338 208 4
208 274 4
274 208 4
208 285 4
285 208 4
208 378 4
378 208 4
208 557 4
557 208 4
208 829 4
829 208 4
208 199 4
199 208 4
208 684 4
684 208 4
208 273 4
273 208 4
208 988 4
988 208 4
208 825 4
825 208 4
208 796 4
796 208 4
208 907 4
907 208 4
208 160 15
160 208 15
208 736 15
736 208 15
208 358 15
358 208 15
208 454 15
454 208 15
208 26 15
26 208 15
208 80 15
80 208 15
208 623 15
623 208 15
208 655 15
655 208 15
208 181 15
181 208 15
208 212 15
212 208 15
208 291 11
291 208 11
208 31 11
31 208 11
208 40 11
40 208 11
208 321 11
321 208 11
208 874 11
874 208 11
208 708 11
708 208 11
208 629 4
629 208 4
208 878 4
878 208 4
208 611 4
611 208 4
208 840 4
840 208 4
208 562 4
562 208 4
208 787 4
787 208 4
208 517 4
517 208 4
208 759 4
759 208 4
208 513 4
513 208 4
208 791 4
791 208 4
208 590 7
590 208 7
208 65 7
65 208 7
208 3 7
3 208 7
208 374 7
374 208 4
208 57 4
57 208 4
208 305 4
305 208 4
208 64 4
64 208 4
208 345 4
345 208 4
208 162 4
162 208 4
208 534 4
534 208 4
208 473 4
473 208 4
208 991 4
991 208 4
208 107 4
107 208 4
208 833 4
833 208 4
208 183 4
183 208 4
208 174 4
174 208 4
208 821 4
821 208 4
208 138 4
138 208 4
208 141 4
141 208 4
208 847 4
847 208 4
208 263 4
263 208 4
208 415 4
415 208 4
208 309 14
309 208 14
43 359 14
359 43 14
43 681 14
681 43 14
43 625 14
625 43 14
43 200 14
200 43 14
43 412 14
412 43 14
43 269 14
269 43 14
43 781 14
781 43 14
43 953 14
953 43 14
43 795 14
795 43 14
43 314 14
314 43 14
43 520 14
520 43 14
43 421 14
421 43 14
43 23 14
23 43 14
43 336 14
336 43 14
43 369 14
369 43 14
43 127 14
127 43 14
43 622 14
622 43 14
43 861 14
861 43 14
43 851 13
851 43 13
43 699 13
699 43 13
43 743 13
743 43 13
43 893 13
893 43 13
43 150 13
150 43 13
43 527 13
527 43 13
43 29 13
29 43 13
43 659 13
659 43 13
43 430 13
430 43 13
43 341 13
341 43 13
43 405 13
405 43 13
43 856 3
856 43 3
43 726 3
726 43 3
43 218 3
218 43 3
43 343 3
343 43 3
43 111 3
111 43 3
43 536 3
536 43 3
43 623 3
623 43 3
43 390 3
390 43 3
43 846 3
846 43 3
43 2 3
2 43 3
43 874 3
874 43 3
43 464 3
464 43 3
43 791 3
791 43 3
43 868 3
868 43 3
43 698 3
698 43 3
43 301 3
301 43 3
43 691 3
691 43 3
43 880 3
880 43 3
43 866 3
866 43 3
43 669 2
669 43 2
43 772 15
772 43 15
43 415 15
415 43 15
43 652 15
652 43 15
43 503 15
503 43 15
43 978 15
978 43 15
43 78 15
78 43 15
43 822 15
822 43 15
43 221 15
221 43 15
43 286 1
286 43 1
43 885 9
885 43 9
43 485 9
485 43 9
43 834 9
834 43 9
43 934 9
934 43 9
43 774 9
774 43 9
43 378 9
378 43 9
43 747 9
747 43 9
43 892 9
892 43 9
43 797 9
797 43 9
43 487 9
487 43 9
43 972 9
972 43 9
43 235 9
235 43 9
43 302 9
302 43 9
43 530 13
530 43 13
43 175 13
175 43 13
43 572 13
572 43 13
43 349 13
349 43 13
43 522 13
522 43 13
43 104 13
104 43 13
43 108 13
108 43 13
43 549 13
549 43 13
43 441 13
441 43 13
43 802 13
802 43 13
43 638 13
638 43 13
43 982 13
982 43 13
43 824 13
824 43 13
43 193 13
193 43 13
43 775 8
775 43 8
43 358 8
358 43 8
43 823 8
823 43 8
43 164 8
164 43 8
43 395 8
395 43 8
43 521 8
521 43 8
43 551 8
551 43 8
43 481 8
481 43 8
222 275 8
275 222 8
222 77 8
77 222 8
222 908 8
908 222 8
222 772 8
772 222 8
222 676 8
676 222 8
222 626 8
626 222 8
222 629 8
629 222 8
222 691 8
691 222 8
222 817 8
817 222 8
222 13 8
13 222 8
222 289 8
289 222 8
222 615 13
615 222 13
222 542 13
542 222 13
222 652 13
652 222 13
222 952 13
952 222 13
222 452 13
452 222 13
222 164 13
164 222 13
222 99 13
99 222 13
222 263 13
263 222 13
222 671 13
671 222 13
222 327 13
327 222 13
222 761 13
761 222 6
222 956 6
956 222 6
222 533 6
533 222 6
222 266 6
266 222 6
222 153 6
153 222 6
222 195 6
195 222 6
222 394 6
394 222 6
222 746 6
746 222 6
222 250 6
250 222 6
222 916 6
916 222 6
222 737 6
737 222 13
222 601 13
601 222 13
222 917 13
917 222 13
222 699 13
699 222 13
222 953 13
953 222 13
222 684 13
684 222 13
222 897 13
897 222 13
222 595 13
595 222 8
958 877 14
877 958 14
958 978 14
978 958 14
958 540 14
540 958 14
958 574 14
574 958 14
958 86 14
86 958 14
958 83 14
83 958 14
958 573 14
573 958 14
958 563 14
563 958 14
958 62 14
62 958 14
958 678 1
678 958 1
958 395 1
395 958 1
958 144 1
144 958 1
958 702 1
702 958 1
958 78 1
78 958 1
958 280 1
280 958 1
958 310 1
310 958 1
958 176 1
176 958 1
958 879 1
879 958 1
958 431 1
431 958 1
958 831 1
831 958 6
775 258 2
258 775 2
775 462 2
462 775 2
775 524 2
524 775 2
775 902 2
902 775 2
775 599 2
599 775 2
775 621 2
621 775 2
775 88 10
88 775 10
775 327 10
327 775 10
775 924 10
924 775 10
775 887 10
887 775 10
775 236 10
236 775 10
775 810 8
810 775 8
775 539 13
539 775 13
775 584 13
584 775 13
775 423 13
423 775 13
775 65 13
65 775 13
775 509 13
509 775 13
775 22 8
22 775 8
775 407 8
407 775 8
775 563 8
563 775 8
775 485 8
485 775 8
775 182 8
182 775 8
775 641 8
641 775 8
775 928 8
928 775 8
775 370 8
370 775 8
775 980 8
980 775 8
775 751 8
751 775 13
775 548 13
548 775 13
775 483 13
483 775 13
775 12 13
12 775 13
775 136 13
136 775 3
77 623 3
623 77 3
77 375 3
375 77 3
77 37 3
37 77 3
77 616 3
616 77 3
77 109 3
109 77 3
77 355 12
355 77 12
77 96 12
96 77 12
77 104 12
104 77 12
77 380 12
380 77 12
77 916 12
916 77 12
77 746 3
746 77 3
77 396 3
396 77 9
77 273 9
273 77 9
77 755 9
755 77 9
77 567 9
567 77 9
77 713 9
713 77 9
77 191 9
191 77 9
77 3 9
3 77 9
77 512 10
512 77 10
77 151 10
151 77 10
77 5 10
5 77 10
77 92 10
92 77 10
77 427 10
427 77 10
77 7 10
7 77 10
77 863 10
863 77 10
77 997 10
997 77 10
77 437 10
437 77 10
77 177 10
177 77 10
77 242 13
242 77 13
77 105 13
105 77 13
77 386 13
386 77 13
77 97 13
97 77 13
77 266 13
266 77 13
77 891 13
891 77 13
77 996 13
996 77 13
77 603 13
603 77 13
77 709 13
709 77 13
77 338 13
338 77 10
125 78 13
78 125 13
125 414 13
414 125 13
125 129 13
129 125 13
125 232 13
232 125 13
125 729 13
729 125 13
125 629 13
629 125 13
125 938 13
938 125 13
125 664 13
664 125 13
125 815 13
815 125 13
125 396 13
396 125 13
125 418 13
418 125 13
125 884 13
884 125 13
125 804 13
804 125 13
125 794 11
794 125 11
125 172 11
172 125 11
125 876 11
876 125 11
125 532 11
532 125 11
125 153 11
153 125 11
125 744 11
744 125 11
125 317 11
317 125 11
125 880 11
880 125 11
125 441 11
441 125 11
125 10 11
10 125 11
125 596 11
596 125 11
125 956 11
956 125 11
125 288 11
288 125 11
125 849 11
849 125 11
125 647 11
647 125 11
125 695 11
695 125 11
125 4 11
4 125 11
125 576 11
576 125 11
125 432 11
432 125 11
125 377 12
377 125 9
125 222 14
222 125 14
125 685 14
685 125 14
125 427 14
427 125 14
125 460 14
460 125 14
125 795 11
795 125 15
125 939 15
939 125 15
125 357 15
357 125 15
125 276 15
276 125 15
125 510 9
510 125 9
125 121 9
121 125 9
125 14 4
14 125 4
125 352 15
352 125 15
499 915 15
915 499 15
499 479 15
479 499 15
499 744 15
744 499 15
499 705 15
705 499 15
339 532 10
532 339 10
339 650 10
650 339 10
339 583 10
583 339 11
339 439 11
439 339 11
339 601 11
601 339 11
339 85 11
85 339 11
500 535 14
535 500 14
368 535 14
535 368 3
112 381 3
381 112 3
112 415 5
415 112 5
112 58 5
58 112 8
112 942 8
942 112 8
112 808 8
808 112 8
112 701 8
701 112 8
112 179 11
179 112 11
112 970 11
970 112 11
112 420 8
420 112 8
309 225 5
225 309 5
309 710 5
710 309 5
309 248 11
248 309 5
309 533 5
533 309 5
309 582 5
582 309 5
309 846 14
846 309 14
309 80 14
80 309 14
309 509 14
509 309 14
309 139 14
139 309 14
309 988 1
988 309 10
309 667 10
667 309 10
309 898 10
898 309 10
309 40 10
40 309 10
309 104 10
104 309 10
309 96 10
96 309 10
309 25 10
25 309 10
309 903 10
903 309 10
309 736 10
736 309 10
309 531 10
531 309 10
309 304 8
304 309 8
309 967 8
967 309 8
309 740 8
740 309 8
309 741 11
741 309 11
309 161 11
161 309 11
309 261 11
261 309 11
309 38 11
38 309 11
309 506 11
506 309 11
309 669 11
669 309 11
309 526 11
526 309 7
309 65 13
65 309 13
317 643 13
643 317 13
317 260 13
260 317 13
317 595 13
595 317 13
317 657 13
657 317 13
317 452 13
452 317 13
317 998 13
998 317 13
317 983 14
983 317 14
168 620 14
620 168 14
168 253 14
253 168 14
168 148 14
148 168 14
168 315 14
315 168 14
168 758 14
758 168 14
168 482 14
482 168 14
168 499 14
499 168 14
168 815 14
815 168 14
168 431 14
431 168 14
168 909 15
909 168 15
168 568 12
568 168 12
168 537 12
537 168 12
168 63 12
63 168 12
168 156 12
156 168 12
168 830 12
830 168 12
168 87 12
87 168 12
168 949 12
949 168 12
168 90 5
90 168 5
168 120 5
120 168 5
168 387 5
387 168 5
168 897 5
897 168 5
168 651 5
651 168 5
168 655 5
655 168 5
168 913 5
913 168 5
168 423 5
423 168 5
168 669 8
669 168 8
168 466 8
466 168 8
168 411 8
411 168 8
168 370 8
370 168 10
168 333 10
333 168 10
168 117 10
117 168 10
168 196 10
196 168 10
168 567 10
567 168 10
168 235 10
235 168 10
168 201 10
201 168 10
168 463 10
463 168 10
168 23 10
23 168 3
912 677 3
677 912 3
912 274 1
274 912 1
912 961 1
961 912 1
912 291 1
291 912 1
912 273 1
273 912 1
912 918 1
918 912 1
912 229 1
229 912 1
912 218 1
218 912 1
912 121 2
121 912 2
912 340 5
340 912 5
912 425 5
425 912 5
912 271 5
271 912 5
912 893 5
893 912 5
912 306 5
306 912 5
912 513 5
513 912 5
912 529 5
529 912 5
912 365 2
365 912 3
912 123 3
123 912 3
912 909 3
909 912 3
912 407 3
407 912 3
912 618 3
618 912 3
912 555 3
555 912 3
912 219 3
219 912 3
912 636 3
636 912 3
912 795 13
795 912 13
912 0 13
0 912 13
912 153 13
153 912 13
912 848 13
848 912 13
912 83 13
83 912 13
912 863 13
863 912 13
912 187 13
187 912 13
912 58 13
58 912 13
912 482 13
482 912 13
912 982 13
982 912 13
912 550 13
550 912 13
912 757 13
757 912 13
912 623 13
623 912 13
912 145 13
145 912 13
912 344 13
344 912 13
912 213 13
213 912 13
912 384 6
384 912 6
839 307 5
307 839 5
839 99 5
99 839 5
839 961 5
961 839 5
839 892 5
892 839 5
839 894 5
894 839 5
839 967 5
967 839 5
839 294 9
294 839 9
839 992 9
992 839 9
839 51 9
51 839 9
839 474 9
474 839 9
839 265 9
265 839 9
839 423 9
423 839 9
839 948 9
948 839 9
839 841 9
841 839 7
839 283 7
283 839 7
839 924 7
924 839 7
839 218 7
218 839 7
839 167 7
167 839 7
839 768 7
768 839 7
839 35 7
35 839 7
839 957 7
957 839 7
839 413 15
413 839 15
839 18 15
18 839 15
839 779 15
779 839 15
839 707 15
707 839 15
839 797 15
797 839 15
839 57 15
57 839 15
839 471 15
471 839 15
839 55 15
55 839 7
189 363 10
363 189 10
189 455 10
455 189 10
189 401 10
401 189 10
189 204 10
204 189 10
189 868 10
868 189 10
189 392 10
392 189 2
871 320 2
320 871 2
871 602 2
602 871 2
871 7 2
7 871 2
871 542 2
542 871 2
871 213 2
213 871 2
871 28 2
28 871 2
871 991 2
991 871 2
871 436 15
436 871 15
857 18 13
18 857 13
857 925 10
925 857 10
857 201 10
201 857 10
857 983 10
983 857 13
556 502 2
502 556 2
556 932 1
932 556 1
250 90 6
90 250 6
250 615 6
615 250 6
250 534 6
534 250 6
250 584 6
584 250 6
250 765 6
765 250 6
250 75 6
75 250 6
250 521 6
521 250 12
661 319 12
319 661 12
661 66 12
66 661 7
866 554 7
554 866 7
866 378 7
378 866 7
866 735 7
735 866 7
150 621 11
621 150 11
150 797 11
797 150 11
150 10 11
10 150 11
150 277 11
277 150 11
150 606 11
606 150 11
150 11 11
11 150 11
150 504 11
504 150 11
150 99 11
99 150 11
150 806 11
806 150 11
150 638 4
638 150 4
828 106 4
106 828 4
828 718 4
718 828 4
828 650 4
650 828 4
828 908 4
908 828 4
828 491 4
491 828 4
828 409 4
409 828 4
828 665 4
665 828 4
828 259 4
259 828 4
828 199 4
199 828 4
828 487 4
487 828 4
828 452 13
452 828 13
742 786 13
786 742 13
742 922 13
922 742 13
742 656 13
656 742 13
742 6 13
6 742 13
742 967 13
967 742 13
742 540 13
540 742 13
742 746 13
746 742 13
742 570 13
570 742 15
742 418 15
418 742 15
742 912 15
912 742 15
742 229 15
229 742 15
742 387 15
387 742 15
742 395 15
395 742 15
742 260 15
260 742 15
742 994 15
994 742 15
742 596 15
596 742 15
742 88 15
88 742 15
742 469 15
469 742 15
742 822 3
822 742 3
742 217 3
217 742 3
742 102 3
102 742 3
742 176 3
176 742 3
742 448 3
448 742 3
742 930 3
930 742 3
742 618 3
618 742 3
742 527 3
527 742 3
742 666 3
666 742 3
742 38 3
38 742 3
742 647 3
647 742 3
742 641 12
641 742 12
742 200 12
200 742 12
742 155 12
155 742 12
742 518 12
518 742 12
742 307 12
307 742 12
742 533 12
533 742 12
742 211 12
211 742 12
742 407 9
407 742 9
742 636 9
636 742 9
742 8 9
8 742 9
742 522 13
522 742 8
192 761 8
761 192 8
192 840 8
840 192 8
192 124 8
124 192 8
192 619 8
619 192 8
192 334 8
334 192 8
192 273 8
273 192 8
192 444 8
444 192 8
192 853 8
853 192 8
192 507 8
507 192 8
192 413 8
413 192 8
192 579 8
579 192 8
192 10 15
10 192 15
892 555 13
555 892 13
892 922 13
922 892 13
892 664 13
664 892 13
892 792 13
792 892 13
892 943 4
943 892 4
892 419 4
419 892 4
892 781 4
781 892 4
892 42 4
42 892 4
892 208 4
208 892 4
892 292 4
292 892 4
892 308 6
308 892 6
892 54 6
54 892 6
892 538 6
538 892 6
892 271 6
271 892 6
892 260 6
260 892 6
892 516 6
516 892 6
892 49 6
49 892 6
892 867 6
867 892 6
892 983 6
983 892 7
601 776 7
776 601 7
601 147 7
147 601 7
601 51 7
51 601 7
601 493 7
493 601 7
601 480 7
480 601 7
601 21 7
21 601 7
601 124 7
124 601 7
601 797 7
797 601 7
601 43 7
43 601 7
601 877 7
877 601 7
601 302 7
302 601 7
601 328 6
328 601 8
127 959 8
959 127 8
127 390 8
390 127 8
127 212 8
212 127 8
127 426 8
426 127 8
127 31 8
31 127 8
127 34 8
34 127 8
127 435 8
435 127 8
127 230 8
230 127 8
127 423 8
423 127 8
249 409 10
409 249 10
249 469 10
469 249 10
249 38 10
38 249 10
249 122 10
122 249 10
249 721 10
721 249 10
249 834 10
834 249 10
249 466 10
466 249 10
249 616 10
616 249 4
271 906 7
906 271 7
271 743 7
743 271 7
271 75 7
75 271 7
271 909 7
909 271 7
271 256 7
256 271 7
271 129 7
129 271 7
271 536 7
536 271 7
271 488 7
488 271 7
271 999 3
999 271 7
596 381 7
381 596 7
596 367 7
367 596 7
596 892 7
892 596 7
596 944 7
944 596 7
596 530 7
530 596 7
596 659 7
659 596 7
596 317 7
317 596 7
596 526 7
526 596 7
596 271 14
271 596 5
596 847 5
847 596 5
596 324 5
324 596 5
596 898 5
898 596 5
596 561 5
561 596 5
596 332 5
332 596 5
596 230 5
230 596 5
596 264 5
264 596 5
596 451 5
451 596 5
596 797 5
797 596 5
596 309 15
309 596 7
596 824 7
824 596 7
596 365 7
365 596 7
596 334 7
334 596 7
596 736 7
736 596 7
596 571 7
571 596 7
596 851 7
851 596 7
596 581 7
581 596 7
596 772 7
772 596 7
596 427 7
427 596 7
596 579 7
579 596 7
596 205 7
205 596 7
596 920 7
920 596 7
596 693 7
693 596 7
596 535 7
535 596 7
596 450 7
450 596 7
596 437 7
437 596 7
596 499 7
499 596 7
596 636 7
636 596 12
546 90 7
90 546 7
546 936 7
936 546 7
546 864 7
864 546 7
546 878 7
878 546 7
546 978 7
978 546 7
546 161 7
161 546 7
546 429 7
429 546 7
546 782 7
782 546 7
546 224 7
224 546 7
546 748 7
748 546 7
546 362 5
362 546 5
546 849 15
849 546 15
546 220 15
220 546 15
546 513 15
513 546 15
546 740 15
740 546 15
546 919 15
919 546 15
546 54 15
54 546 15
546 162 15
162 546 15
546 254 15
254 546 15
546 341 15
341 546 15
546 437 15
437 546 15
546 553 15
553 546 8
546 742 8
742 546 8
546 16 8
16 546 8
546 57 8
57 546 8
546 866 8
866 546 8
546 451 8
451 546 8
546 744 7
744 546 7
546 534 7
534 546 7
546 409 7
409 546 7
546 378 7
378 546 7
546 447 7
447 546 7
546 621 7
621 546 7
546 907 7
907 546 12
336 197 12
197 336 12
336 240 12
240 336 12
336 589 12
589 336 12
336 251 12
251 336 12
336 232 12
232 336 12
336 543 12
543 336 12
336 184 12
184 336 12
336 169 12
169 336 12
336 506 12
506 336 12
336 193 12
193 336 12
336 248 12
248 336 12
336 670 12
670 336 12
336 469 2
469 336 2
336 972 2
972 336 2
336 490 2
490 336 2
336 844 2
844 336 2
336 40 2
40 336 2
336 84 2
84 336 2
336 975 2
975 336 2
336 717 2
717 336 2
336 312 2
312 336 2
336 760 2
760 336 2
336 65 7
65 336 7
336 891 8
891 336 8
317 377 8
377 317 8
317 885 8
885 317 8
317 304 8
304 317 8
317 651 8
651 317 8
317 923 8
923 317 8
317 137 8
137 317 8
317 301 8
301 317 8
317 426 8
426 317 8
317 516 8
516 317 8
685 837 6
837 685 6
685 52 6
52 685 6
685 764 6
764 685 6
685 968 6
968 685 6
685 669 6
669 685 6
685 869 6
869 685 6
685 564 6
564 685 6
685 767 6
767 685 6
685 188 12
188 685 12
685 581 12
581 685 12
685 408 12
408 685 12
685 411 12
411 685 12
685 596 12
596 685 12
685 975 12
975 685 12
685 544 12
544 685 12
685 626 8
626 685 8
685 417 8
417 685 8
685 761 8
761 685 8
685 653 8
653 685 8
685 104 8
104 685 8
685 123 8
123 685 8
685 719 8
719 685 8
685 895 8
895 685 8
685 660 8
660 685 8
685 25 8
25 685 8
685 998 8
998 685 8
685 579 8
579 685 8
685 390 2
390 685 2
685 66 2
66 685 2
685 668 2
668 685 2
685 202 2
202 685 2
685 673 2
673 685 2
685 79 2
79 685 2
685 427 2
427 685 2
685 725 2
725 685 2
685 962 2
962 685 2
685 155 2
155 685 2
685 570 15
570 685 15
771 810 12
810 771 12
771 625 12
625 771 12
771 861 12
861 771 12
771 522 12
522 771 12
771 627 12
627 771 12
771 179 12
179 771 12
771 194 12
194 771 12
771 678 12
678 771 12
771 643 12
643 771 12
771 99 12
99 771 7
771 367 7
367 771 7
771 306 7
306 771 7
771 558 7
558 771 7
771 127 7
127 771 7
771 13 7
13 771 7
771 218 7
218 771 7
771 739 7
739 771 7
771 577 7
577 771 7
771 741 7
741 771 7
771 223 7
223 771 7
771 258 7
258 771 7
771 654 7
654 771 7
771 113 7
113 771 7
771 651 7
651 771 7
771 266 7
266 771 7
771 964 7
964 771 7
771 758 7
758 771 7
771 646 7
646 771 7
771 640 7
640 771 7
771 751 7
751 771 7
771 608 6
608 771 6
771 538 6
538 771 6
771 312 6
312 771 6
771 931 6
931 771 6
771 409 6
409 771 6
771 769 6
769 771 6
771 6 9
6 771 9
771 337 9
337 771 9
771 484 9
484 771 9
771 358 9
358 771 9
771 962 9
962 771 9
771 308 9
308 771 9
771 412 9
412 771 9
771 281 9
281 771 9
771 933 9
933 771 9
771 374 9
374 771 9
771 913 15
913 771 15
771 635 15
635 771 15
771 755 15
755 771 15
771 28 15
28 771 15
771 463 15
463 771 15
771 67 15
67 771 15
771 843 15
843 771 15
771 790 15
790 771 15
771 909 15
909 771 15
771 210 15
210 771 8
484 289 5
289 484 5
484 377 5
377 484 5
484 59 5
59 484 5
484 346 5
346 484 5
484 248 5
248 484 5
484 780 5
780 484 5
484 946 5
946 484 5
484 761 5
761 484 1
585 682 1
682 585 1
585 599 1
599 585 1
585 794 1
794 585 1
585 266 1
266 585 1
585 18 1
18 585 1
585 50 1
50 585 1
585 362 1
362 585 1
585 954 1
954 585 1
585 830 1
830 585 1
585 539 3
539 585 3
585 816 3
816 585 3
585 717 3
717 585 3
585 255 3
255 585 3
585 440 3
440 585 3
585 285 3
285 585 3
585 798 3
798 585 3
585 993 3
993 585 3
585 879 3
879 585 9
585 743 8
743 585 8
585 923 8
923 585 8
585 410 8
410 585 8
585 215 8
215 585 8
585 344 8
344 585 8
585 803 8
803 585 8
585 932 15
932 585 5
585 254 5
254 585 5
585 135 5
135 585 5
585 323 5
323 585 5
585 528 5
528 585 5
570 782 11
782 570 11
570 662 11
662 570 11
570 281 11
281 570 11
570 338 7
338 570 1
570 595 1
595 570 1
570 147 1
147 570 1
570 379 1
379 570 1
570 292 1
292 570 9
570 385 14
385 570 14
570 354 14
354 570 14
570 89 14
89 570 14
570 604 14
604 570 14
570 701 4
701 570 4
383 958 4
958 383 4
383 359 4
359 383 4
383 595 4
595 383 4
383 669 4
669 383 4
608 882 4
882 608 4
608 807 4
807 608 4
608 192 4
192 608 4
608 49 4
49 608 4
608 380 4
380 608 4
608 198 4
198 608 14
608 928 14
928 608 14
608 904 14
904 608 14
608 952 14
952 608 14
608 79 14
79 608 14
608 296 14
296 608 14
608 611 14
611 608 14
608 38 14
38 608 14
608 579 14
579 608 14
608 253 14
253 608 15
608 394 15
394 608 15
608 155 15
155 608 15
608 156 15
156 608 15
608 397 15
397 608 15
608 875 15
875 608 15
608 596 15
596 608 15
608 559 15
559 608 15
608 767 15
767 608 15
608 218 15
218 608 15
608 907 12
907 608 12
608 625 12
625 608 12
608 330 12
330 608 12
608 273 12
273 608 12
608 455 12
455 608 12
608 881 12
881 608 12
608 553 12
553 608 12
608 481 12
481 608 12
608 666 12
666 608 12
608 103 12
103 608 12
608 809 12
809 608 12
608 780 6
780 608 9
183 813 9
813 183 9
183 5 9
5 183 9
183 632 9
632 183 9
183 694 9
694 183 9
183 197 9
197 183 9
183 144 9
144 183 9
183 544 9
544 183 9
183 397 9
397 183 9
183 710 9
710 183 9
183 186 15
186 183 15
183 130 15
130 183 15
183 319 15
319 183 15
183 748 15
748 183 15
183 76 4
76 183 4
183 49 4
49 183 4
183 394 4
394 183 4
183 283 6
283 183 6
183 999 6
999 183 6
183 537 6
537 183 6
183 898 6
898 183 6
183 98 6
98 183 6
183 932 15
932 183 15
449 608 15
608 449 15
449 884 15
884 449 15
449 616 15
616 449 15
38 305 14
305 38 14
38 538 14
538 38 14
38 546 14
546 38 14
657 227 3
227 657 3
657 873 3
873 657 3
657 566 8
566 657 8
752 52 8
52 752 8
752 811 8
811 752 8
752 907 8
907 752 8
515 229 11
229 515 11
515 383 11
383 515 11
515 67 11
67 515 11
515 287 11
287 515 11
515 41 11
41 515 11
515 335 11
335 515 11
515 165 11
165 515 11
515 60 3
60 515 3
515 308 3
308 515 3
515 621 3
621 515 3
515 4 3
4 515 3
515 481 3
481 515 3
515 44 3
44 515 3
515 717 3
717 515 3
515 59 3
59 515 3
515 632 3
632 515 3
515 500 3
500 515 3
515 674 3
674 515 3
515 158 3
158 515 3
515 962 3
962 515 3
515 98 3
98 515 3
515 152 9
152 515 9
515 726 9
726 515 9
515 872 9
872 515 9
515 602 9
602 515 9
515 910 9
910 515 9
515 804 12
804 515 12
515 300 12
300 515 12
515 443 12
443 515 12
515 731 12
731 515 12
515 163 12
163 515 12
515 742 12
742 515 12
515 465 12
465 515 12
515 337 12
337 515 12
515 356 12
356 515 12
515 994 4
994 515 4
33 828 4
828 33 4
33 205 4
205 33 4
33 775 4
775 33 4
33 556 4
556 33 4
33 558 4
558 33 4
33 793 4
793 33 4
544 950 5
950 544 5
544 65 5
65 544 5
544 445 5
445 544 5
544 96 5
96 544 5
544 12 5
12 544 5
544 201 5
201 544 5
544 656 5
656 544 5
544 382 5
382 544 5
544 380 5
380 544 5
544 652 5
652 544 5
544 196 5
196 544 5
544 13 5
13 544 5
544 108 5
108 544 5
544 476 5
476 544 5
544 122 5
122 544 5
544 43 5
43 544 5
544 247 5
247 544 5
544 726 5
726 544 5
544 485 5
485 544 5
544 525 5
525 544 5
544 847 5
847 544 5
544 451 5
451 544 5
544 339 5
339 544 5
567 164 3
164 567 3
567 805 3
805 567 3
567 571 3
571 567 3
567 303 15
303 567 15
567 438 15
438 567 15
567 653 15
653 567 15
567 947 15
947 567 15
567 327 15
327 567 15
567 794 15
794 567 15
567 354 15
354 567 15
567 8 15
8 567 15
567 759 15
759 567 10
874 337 10
337 874 10
874 930 10
930 874 10
874 900 10
900 874 10
874 252 10
252 874 10
874 989 10
989 874 10
874 115 10
115 874 10
874 634 10
634 874 10
874 552 10
552 874 10
874 869 10
869 874 10
874 536 11
536 874 11
874 754 11
754 874 11
874 624 11
624 874 11
874 154 11
154 874 11
874 351 11
351 874 11
874 221 2
221 874 2
.